31923
27596
13288
44926
20886
31719
6279
26918
5784
18392
35943
26
2181
6943
12654
44972
153
27602
34784
2870
40269
16285
23308
2961
35198
410
32005
26563
24238
42129
28772
30834
38610
43412
31260
35110
44377
39278
1250
469
12982
36830
34525
38356
6390
23899
39101
19310
4378
27912
21849
45836
10074
2961
48701
301
261
2285
6834
17071
37785
23757
9313
45930
37717
36658
12665
31977
8233
17234
44554
5501
35142
15674
41115
27542
38300
1448
7169
20213
45003
38381
3079
14019
10148
30030
17259
7457
15632
19122
29233
11105
40469
16254
41320
3189
18176
10112
20450
19490
