44631
37686
36121
49149
46714
31859
14423
10339
9901
26396
3591
1625
42216
44504
24182
38556
22293
12643
44570
29795
25218
16613
20584
44940
13946
23700
17201
29454
19060
10449
18186
49521
18713
10631
38921
43766
10186
15099
37039
37727
39804
1802
746
47606
16954
35278
35983
41699
35541
27828
37080
8402
39191
3208
16697
4287
7864
16733
8802
3889
16314
31419
9325
39972
22014
22266
45184
928
19154
12882
18193
48959
23839
25641
19931
10302
7996
26432
22219
7129
3913
48103
48039
22546
3485
13099
2288
27748
17771
17591
9479
34763
16566
27760
25432
25987
5018
22530
22604
25324
12318
49248
44706
45090
31085
9538
17216
12144
41322
33696
8007
30173
2205
17402
14621
13795
20809
8508
16368
26743
18854
24959
9966
47066
17945
4853
13250
45761
898
34550
17204
44640
11363
19005
40203
6339
18183
46962
30439
46575
23783
42090
40729
43031
26871
10594
45174
45446
19507
29642
41974
10964
40803
49026
5308
17361
33396
8074
30800
38818
36473
2260
30642
13621
14570
16105
41007
14773
47683
47770
24
28965
1063
32515
47131
26825
6731
26178
40563
2147
8139
29615
28571
28350
22823
18740
7748
9004
32726
48397
19214
19490
47301
14262
823
27168
42604
30246
5873
11488
24766
46724
11554
46854
21442
21090
22476
11243
13264
43278
21694
43991
32058
14463
141
37203
29273
42517
25806
22383
1876
3206
36240
11073
36794
5493
39541
2573
47721
33417
13247
48382
45415
13104
35173
6878
8013
8561
40658
10122
23201
21060
11693
7207
27103
13342
38842
27941
11611
11300
26046
28827
35927
35415
7181
23145
3302
28732
37247
16565
42148
45280
22164
37220
26767
41730
555
1226
16486
29661
9165
8436
13694
40081
40271
32706
9281
49611
27768
47191
37358
5062
47240
20548
29123
30405
41714
49156
44204
2899
34420
18905
39901
14078
17475
19888
35107
38685
1687
567
41863
39143
22608
7600
29976
45659
43151
38029
37149
26101
22464
18341
35574
48058
7834
44269
45424
38461
47952
27376
31160
25822
36671
24197
20968
16782
38902
6143
13047
10813
40427
10125
23492
24360
47302
49796
42011
29958
33659
3357
41011
41066
8148
24003
18939
44122
42394
43474
9483
8432
48572
25314
46392
32972
46455
5827
29119
41781
10428
15541
1154
7341
10492
8603
36191
37508
10806
40011
31041
19306
49194
11508
34394
21524
22902
5147
36161
44718
44161
38538
4747
39684
34586
10899
39096
37683
28920
12742
21901
47197
27926
20882
31137
41882
39382
30067
36158
18240
9716
43890
31101
3425
23061
18008
39145
34078
26148
18956
10587
42825
20595
8083
21790
15683
41392
14140
47112
17329
47557
27743
4242
31534
16310
11821
28325
29344
28170
39283
46144
15719
2226
311
3640
30496
15178
32552
42814
13130
36311
39939
49531
6994
34807
25223
47771
5871
31649
14937
18513
20381
49977
25226
7850
20377
48118
6780
14465
13826
12017
13
9215
47857
48729
22571
24524
33535
7550
40126
43052
43167
37149
49566
19617
27422
46196
15222
28504
22564
28053
38368
34640
17244
27714
14029
34023
45208
39037
2055
10226
14630
8942
38943
17977
39795
10592
28097
23324
46001
8612
43121
30691
5248
43686
19163
25828
49004
44381
24454
8877
29156
39118
22939
23476
17753
5933
12725
22040
41469
44249
2214
1839
13253
22333
47198
12389
26147
13974
19555
42402
39117
15944
40929
26847
33961
19812
41936
17177
16406
18510
10763
39473
29924
11470
32496
44662
35649
19970
47241
18185
12151
18919
34474
9605
21284
28506
4090
16842
22906
4814
28501
11076
11224
14454
32703
11903
32180
38463
27444
25890
2906
23085
48325
942
15366
18742
28317
47840
23929
29190
46899
9727
47834
48704
44391
15180
20099
38201
40611
8615
46119
18863
16829
39568
39245
6330
27806
41505
16496
24301
15405
39594
7666
33373
44329
41364
38122
36578
14656
32446
43368
3859
26594
49949
8042
28404
5320
33306
41051
26136
23013
16017
23602
13086
33333
15267
32194
12661
33644
8663
39633
48559
35957
633
30371
29307
20142
45187
14626
18047
24261
44629
41304
19537
17391
24741
2644
13837
49575
45512
17465
31284
2709
27688
26836
15308
42913
8142
32973
14231
26761
38632
4161
15972
35044
14976
40898
43389
43692
1336
11557
31759
24156
25627
14614
27696
13070
36816
41996
45257
13399
32485
23916
1819
11836
31598
49106
11830
13061
45476
9429
179
15131
3319
46776
17690
43055
41463
9339
16881
43346
2889
40005
13194
34787
10057
42544
13648
44869
34705
15903
30188
49379
43988
43721
27787
16595
15192
47419
26688
19787
48974
20306
5831
27319
2474
29886
46481
16003
31047
18272
9396
13399
39557
15247
15926
16243
16064
10128
34904
32793
23190
18929
38205
30305
31262
37521
1441
8806
48436
13658
5888
21459
14556
3437
5196
35421
23987
17566
43904
42334
32554
41783
44382
10666
1506
47623
22878
24233
25802
45060
45842
21519
34482
10936
45542
20484
27572
2857
41892
41449
8838
6319
9271
24446
7743
9044
16045
12289
27392
18398
43772
6304
21856
33330
601
45868
16386
5447
46854
9740
9947
38768
46402
32248
21263
33559
17226
48064
43431
5046
44237
43848
44720
8292
24365
44293
18738
31871
16039
5526
3255
23317
7193
3158
37959
3758
39492
12938
46698
8997
8100
5426
43549
23522
27699
46983
24277
45919
19848
4438
20578
39468
36609
19197
14499
48415
1676
38512
39482
5444
41646
22366
42980
2907
30494
4492
2105
1760
9354
6717
41590
26335
47961
38719
22339
17756
40645
1339
43751
5664
45275
15850
44220
7724
47876
42964
7812
22481
7731
30668
6808
4733
18318
1537
47313
10321
31935
22225
13985
27084
4593
5164
38365
31039
49356
18866
46947
4027
42311
36366
3403
29857
1177
41083
26847
12416
300
29829
25648
7799
13401
30514
28177
10963
12834
2386
28230
23451
3886
8930
37362
3594
4984
29359
21626
7531
16742
19833
34187
44367
41894
32320
31061
10789
39090
41341
43895
12617
45804
7886
18932
20829
49952
28410
6510
5024
4124
18208
23953
49112
7603
43996
29817
5275
47620
31822
49143
15122
16104
997
22851
43109
40400
8860
35074
21225
6731
47436
40984
20324
14439
48587
36092
44969
20586
45387
17801
43226
29452
49429
49945
495
3687
42343
38497
24078
21464
46632
11953
33673
41441
14086
20368
2471
24165
6158
40931
22403
27210
43934
46218
5438
45830
10368
25904
4604
19097
14907
621
4255
22478
41388
22611
12197
41106
19162
22984
28933
41375
26436
17564
13760
24264
20297
6786
45821
41472
29254
33267
33844
2512
42031
47641
1315
23233
41183
46113
9306
44431
36247
35609
25867
39472
48981
16812
19971
45724
44216
4776
35779
21353
45488
1016
45647
39798
4270
23194
44321
6410
943
12302
29313
37477
22593
35362
5028
13976
14942
27330
31523
39369
29801
13455
15997
31624
8502
41856
36612
37596
44764
33279
21977
44266
9773
2641
32777
15786
21635
47285
44234
26229
3470
34426
31812
17836
40296
25846
15421
5089
47064
11895
29982
20875
4401
46069
39795
41700
29937
21518
43578
43539
8641
18814
5942
37170
25735
19464
20263
18817
46631
20360
4005
12344
22372
21454
20907
5569
45764
861
15871
43156
30113
22434
7602
42012
42535
13036
44883
3182
7074
12736
14953
16112
9368
15135
26535
22925
36721
4127
18297
35839
36276
38060
28815
21226
42952
4014
9292
18091
4989
8393
1230
38521
18758
38372
48124
5100
17815
34260
12534
965
43850
37921
33724
24450
27210
32765
35503
38014
4216
43826
47571
26804
11612
31949
25519
42739
35058
26187
38079
41785
46339
31420
49477
23730
38014
11742
20235
20243
14328
18304
271
40938
12319
43167
24435
489
16680
38038
49268
12846
17390
33606
48800
49085
45925
42427
27438
24783
13920
15116
5141
35748
38879
29264
31173
13525
1426
24949
21026
1309
47428
40104
19996
31127
6651
29659
521
1687
6166
26568
23354
21455
10248
39235
34456
23247
42415
48482
29932
18756
9496
41644
21771
43288
34454
6378
43395
2083
45098
7028
46534
10458
39626
20987
38334
24900
22365
34378
18426
48299
20625
35606
3170
27701
27278
48050
38620
47174
29442
8988
39452
8146
44852
11907
49189
46833
4888
13325
1687
44790
41897
29059
4819
47545
48914
38061
45510
36360
11390
30822
40024
23966
36395
30843
8044
43455
46713
49797
25041
40948
42038
31026
36557
20726
33683
21196
6986
24189
5756
2807
19290
11274
21891
1685
19922
7265
44791
9310
6031
40186
15540
32204
5001
11457
32466
22499
43790
26888
5486
27812
40097
37902
33784
15756
38602
4691
32636
37739
30581
21625
32062
10453
25196
9165
12350
41172
8175
41758
19709
4865
41708
47866
39649
14673
17940
43913
20678
21840
35745
33147
48793
7822
44183
25603
15349
29130
40207
47988
46792
15769
25048
41084
37703
40679
32268
46121
4195
37576
28366
20782
25839
43564
49694
7777
42496
36623
45376
42268
25572
20600
4128
17935
37771
6474
24185
33021
46808
22529
26789
21190
39957
32109
10546
34634
16019
11312
580
45575
25218
2064
14877
6924
36653
35911
26244
1852
31199
14209
17957
1142
19777
31026
32265
46666
11556
7690
21588
8032
39613
31448
45677
44372
40685
44629
37504
33246
7938
16068
1847
749
32331
5715
44268
38984
30624
26114
2096
29909
49996
9957
45765
43929
5840
22228
34561
13948
18067
8945
15085
47496
38934
1720
26890
40317
47742
18855
7239
22206
21220
25602
31249
22788
33985
14515
34834
33612
23131
26304
36778
42747
5503
4182
45147
7170
3593
29942
23704
1624
8788
4979
34789
44269
23075
33171
34892
35136
36678
14808
1691
41258
30481
23412
21374
33571
15642
42397
6206
1496
3494
37065
18144
30925
29943
2906
22311
43081
13771
3015
4237
13128
8643
35019
21367
33605
5639
828
16823
45207
49854
16417
12221
21784
38313
20724
2513
5830
11395
3685
29335
8409
34021
30333
613
34685
27668
34965
1415
35404
10557
49888
38760
47437
7292
47243
36974
46880
15379
20143
8295
28545
40768
38177
47724
27504
14000
28615
45910
21338
25443
30392
38714
8228
10566
34584
25246
6374
12853
26043
20047
3604
785
42018
34099
5709
44713
43761
27507
37103
5404
33376
15466
32070
25237
32944
21589
3425
49712
16526
6563
40243
19929
38913
45572
39982
28714
19625
42354
7811
10262
21472
8579
16166
21672
6676
36302
314
25611
22624
13261
22357
23051
16606
21688
33113
36890
27994
24377
37904
11310
31215
14946
4426
29217
8380
27130
20283
872
36853
31902
43146
47200
32762
27320
29471
11597
34097
22191
10370
37704
26962
1097
21223
49530
37678
222
27842
22504
29236
12559
19161
6626
44685
42725
48819
43735
990
42404
7201
12981
35724
13660
29865
19153
23320
47131
26156
26817
7018
30567
13068
31830
44336
1621
15739
33229
25201
31329
19285
28849
26066
12771
9107
34540
781
36571
33974
43667
15230
11282
5295
11946
32490
8365
22286
35984
33864
28259
45048
17435
30734
2765
14688
10160
23837
14682
29737
9787
24669
36034
33103
15585
37767
28304
7413
18554
49332
19565
29151
49000
254
7359
35707
15684
11539
1407
9402
38632
14052
39421
10591
25892
9979
49031
13813
42199
32785
6060
41104
48832
15626
27065
9564
23472
5187
41941
16917
17941
45978
13907
3880
2419
29748
33222
37814
44273
22613
5344
49224
26169
40600
24098
41043
18117
25301
5089
7838
35711
31176
16280
7255
1303
23379
23256
6235
31415
38925
30623
2450
26608
3342
48222
23248
5771
3967
32910
18932
26945
10624
3726
37061
10757
24602
25105
12571
27607
20070
44312
22075
35427
22941
7437
33092
15997
37530
7734
17309
32639
40416
32844
16997
2735
40874
42568
31439
28762
8053
47419
45169
30167
21149
27756
19891
28761
19164
25544
31907
15160
33783
39677
1348
20279
11138
34718
42592
17334
18665
16568
16430
32687
2924
41689
45703
32906
39261
7823
35812
11631
34718
20182
7964
14759
11922
34472
25490
46761
29013
27843
11708
24536
11991
21737
41184
8217
3364
13350
289
49148
28869
7396
3357
39950
1412
7007
9794
3639
13695
33393
29234
13456
10018
42396
24344
27918
10206
36937
44045
34335
17237
23591
21483
40969
13543
12966
1704
42546
41301
19840
2367
2062
33385
19135
47542
45031
43154
30218
35134
27599
11901
48910
29945
43828
47285
48318
36271
16860
32557
19969
34115
40313
48001
3639
30605
2014
37031
34739
40894
26255
36876
5652
24059
1531
26109
30834
1519
25633
20004
10848
24330
10211
20438
7218
2278
47577
20155
47219
30928
41180
23880
11087
48083
3826
5180
26000
43909
28241
955
40660
47597
31460
2761
31358
20658
28441
2824
48838
28217
43471
21397
19711
3040
41154
36156
45564
5517
5844
30749
8495
26068
434
29068
43376
25565
28418
47978
14435
49572
39273
14306
49136
39666
46243
12885
6834
11426
43985
18874
39889
38503
10325
39430
20619
10243
19863
12922
13892
3402
40218
43751
39835
46515
29615
16929
17179
48887
3748
48870
24411
45766
49248
49859
45913
39438
43401
16883
42346
29918
34302
43570
5328
2231
19509
44266
11329
22318
48497
39500
41925
25180
36419
48648
49372
6134
17284
33501
47315
544
17970
1519
36561
20008
45450
37667
45432
17593
30192
24963
7849
806
28577
50
35251
22710
49679
21811
26823
38070
42926
39505
23355
13901
38038
8055
16860
13941
47974
44871
1713
35912
36882
28005
47315
13677
42155
12292
42364
10100
46592
49899
18002
26718
27313
44447
46349
28308
37268
5123
8629
24182
14388
39712
8014
9244
13032
7600
31831
21884
20450
11550
42565
14350
20567
9268
829
36023
20832
16431
35771
48177
24351
19460
27586
28182
4071
737
40110
857
14843
27687
42869
4592
25550
49833
15362
45217
49865
21711
12018
21176
10450
33167
25917
22143
14205
5229
4280
36759
2987
24257
42422
30525
17958
19351
49438
6369
14172
22082
38305
27584
47896
34228
44147
20919
37454
4260
5963
28174
10417
4353
17515
19686
39069
18338
33572
34649
1963
40724
34470
14320
15741
18985
40159
35166
40002
9787
7197
22748
39662
30250
4838
33471
40768
19787
15576
46408
1064
41856
13654
3090
18934
19051
2629
7279
22852
20623
46410
16085
45668
48139
38402
10324
6055
6140
3603
34180
31245
45996
48943
45161
48662
18739
32070
23312
48394
16742
47228
27309
2483
44535
5924
34175
10942
40698
46455
23430
25292
40069
20243
31901
6765
42844
17739
8906
25292
37434
19917
14022
22290
25536
23273
29979
30354
27570
36928
38218
29584
2672
10935
31991
16589
20278
45379
46138
44802
6221
44548
2178
30460
4656
13691
12615
45633
14924
24252
48827
18827
44779
111
9355
29970
29954
30068
1487
41159
47793
10864
28220
49721
19987
10510
49883
40943
38535
35814
10593
43435
839
49528
49147
25446
33307
20769
33423
38204
23918
12555
47882
48788
10488
20393
25457
11316
2853
15675
3566
37177
11449
46601
28695
35611
36600
41112
11959
21096
10073
28970
49506
45486
32578
12157
39523
10310
5412
12908
48476
49744
42852
33621
29469
32450
17796
2678
10327
39446
45702
195
1783
19979
11258
9162
724
22333
1349
41250
4636
19981
31997
23307
43392
19654
26391
45775
21482
30655
39519
29299
23922
25926
45679
5791
8261
16961
45012
8126
33401
4066
20259
33197
35397
46280
41955
49635
47652
25637
40472
40108
47822
35110
28235
29858
40554
28867
36318
46594
46980
18526
30728
45853
33026
20867
17416
26555
24844
43115
15555
40049
42746
29639
21929
33723
4951
30779
25562
30262
12584
13771
25432
14520
30187
36446
4179
39691
33864
216
13454
38360
28205
11301
4666
36083
9656
36060
43880
48028
42645
28470
22426
9851
2248
28806
39534
28910
34192
22449
33884
12454
45685
27225
45596
47666
28768
22277
7395
48859
2398
25539
2567
35654
14972
9723
33348
21220
17033
26068
47528
616
23640
12890
38385
42116
38105
23474
3029
10928
11197
37815
49175
18906
41818
41512
35260
41022
22002
48976
5694
38160
9995
20966
47712
28384
46786
17135
3838
1639
15263
8713
36902
13346
47147
10652
33542
9760
4715
10720
41026
2120
38982
41084
31604
22479
38376
8687
8731
4624
7301
48963
4269
24186
2695
6508
9513
1913
17268
21038
29582
37107
6925
45235
44761
42008
32992
14377
19057
14703
39636
13405
15654
41659
30155
445
1488
15546
33460
27063
26343
30384
12046
32136
10992
14165
22681
28607
11608
20955
12215
5855
3947
49780
45235
31332
3231
1364
18372
2312
28064
22018
48579
48983
1237
7008
23839
45432
15554
2919
37662
7703
2554
40529
32524
42521
13176
9722
24299
32539
15795
9731
10040
31426
46426
11175
82
21977
48037
41344
35880
41043
16295
16202
29461
12822
20108
20694
49834
471
27135
25251
5768
8496
7765
42487
16296
21793
16298
608
46997
7570
35936
49091
10061
16108
28262
39109
33431
26713
9763
27340
8036
21371
9533
31115
2064
6318
28639
24896
38459
15260
30806
6002
42484
21389
45201
8894
49086
37595
14389
4151
43533
2162
7140
23081
45544
38794
3526
36041
12391
35534
175
8067
3578
45993
17556
25455
18199
2919
33801
41336
1025
48955
28170
28886
14684
31445
22552
47046
18115
5957
8584
18091
41706
35341
40522
26091
21405
15757
46206
22533
8261
5644
46183
43917
49646
10968
15124
21285
20051
25963
43953
45782
49594
13986
30260
48480
23864
31211
21042
24293
37361
44484
21143
25522
41145
11114
23646
29041
17472
29394
26784
6747
20437
21377
42279
43113
16354
25183
45844
25299
8820
27196
49146
10866
6559
20466
38500
38721
9542
1551
29473
31844
35450
6862
47017
30219
7435
19438
49124
23146
35600
22204
7588
15047
5495
32024
39979
41314
20023
46995
33488
33357
39168
44121
22869
47506
27929
23852
2696
27763
15042
26560
33108
18335
32087
41740
38100
23879
14091
23243
49520
49329
45342
5466
7439
22450
35346
29818
33382
23044
39224
49293
32183
10340
2747
4832
103
4044
35614
35978
12958
46304
24634
8955
46297
25613
20705
35101
21830
7142
15879
45824
19997
8405
38290
17149
45693
33564
26547
38811
33906
5771
5877
20906
44650
10675
21523
4249
9818
37385
40021
3154
43075
47309
3462
39760
4176
43261
19461
24841
24851
45727
35975
10258
44065
30302
16147
30723
38562
27187
22096
313
45342
6203
29350
47458
2737
10394
407
2285
3983
12060
46067
24230
4423
17970
24813
40840
48091
19567
1850
8413
28856
47352
1478
46198
47497
47479
1283
13203
48225
1393
31590
33031
34504
9644
25431
4155
14960
29850
2465
39180
603
44684
4878
48524
40698
33272
10799
36149
12697
807
45666
32288
20871
6763
45948
12520
24516
20976
15037
24492
10833
41872
39852
13174
2178
23746
48489
5626
44378
5174
47236
16365
895
35934
39310
21123
26810
9213
43353
32022
14183
386
8382
25501
28918
21541
27323
9706
2758
43024
7269
25557
17295
27968
37731
45233
2871
29951
8304
27291
16270
19579
44431
5124
46064
8542
25783
8048
48996
6191
15257
32585
43373
46301
27268
17173
39335
46237
25638
38905
10320
43333
34479
1309
26152
24755
4367
6960
11666
11905
10296
40187
45515
17419
14537
29343
32242
48773
45696
14579
22088
17095
1466
4599
42958
11645
16143
8743
15458
14082
19930
40123
1779
28330
12584
18900
36654
30
5229
4194
13273
28367
7024
27914
24603
34492
18213
14300
21409
20950
3786
17454
24195
10927
27889
27425
29992
10637
43248
3581
5372
36390
1350
40892
16082
33651
31040
41149
16303
13524
38425
10502
41382
33305
29470
33044
7952
11086
11976
31909
37076
2458
25652
37033
46155
4728
15848
2035
8927
23498
16374
24298
13819
26990
15450
34072
3014
3
5437
5174
38595
24649
39373
46470
13616
68
13611
16460
19634
47879
23289
35419
16580
7777
36028
29729
18002
25061
1593
32333
33107
44261
15092
1248
39773
20313
7697
2321
9145
9089
47834
15733
46462
49054
14549
46992
16791
12945
29159
18532
47819
41384
8337
47981
47093
46812
29030
46998
33175
20175
8104
1715
17416
10609
47238
14709
12179
28317
10938
41904
41956
35471
48972
20799
31280
7113
40001
44817
37764
26623
7800
14052
9439
15440
2603
16233
15684
8444
12730
17806
43373
45734
34540
12357
12162
16252
5725
18877
33949
14480
49904
46983
12628
12731
1618
42244
7778
1024
45336
32503
994
35606
6605
28588
40939
2454
4131
1784
46278
5987
15921
5058
1142
10826
22393
29328
28128
48938
19776
22729
17733
49201
47268
35819
21819
25149
35792
31333
38535
7247
26272
40626
9101
8345
7120
25200
13488
17494
29391
44105
3862
20252
28813
31286
36903
41136
31861
7639
36670
31207
9707
38893
140
9912
7339
48077
26312
16878
24929
22942
17167
11355
49061
40178
12517
18526
27248
16381
43446
31112
15640
21935
29208
4526
26105
45322
6117
2406
41751
14515
10355
16567
15922
20205
4129
22159
47099
17040
18837
46851
17722
34788
27690
803
13286
35644
39554
677
8211
42144
44296
49845
5464
8462
30217
17956
23991
25217
11285
47450
36183
33591
8857
41613
21862
3652
3268
5009
35702
39508
25972
37774
33488
38784
2991
23529
43720
38656
41754
9321
20679
21165
17458
17830
31031
15434
41001
33652
39759
11536
7898
23452
25441
38759
42614
27186
30963
15412
4347
38236
14290
34437
28826
37855
17233
16797
19066
32076
163
24924
43258
39646
26807
10646
27120
26093
41128
48066
7780
28392
24697
43920
24606
36840
2609
39311
24323
15252
37568
23691
44656
49814
27476
15234
31576
45808
34835
2328
5366
19132
46133
46153
5460
4950
47630
19026
18197
3571
14099
5253
31912
43833
33616
48219
10951
47622
15164
47937
21577
31428
28456
15439
41636
18806
28765
34807
49603
6016
43913
47022
23913
5596
39755
38031
25474
35154
16159
11445
7689
38186
13568
46970
36541
19753
665
39672
5704
44702
48955
27444
31385
23647
4902
41059
16777
42145
27412
33666
6100
20145
9032
28465
8124
13665
9085
19398
23292
16138
29438
4230
9560
24273
20476
609
30784
38172
1768
17081
43383
11266
22924
2900
48403
29645
45987
3220
45293
36021
32634
21389
17438
35329
28779
47630
43803
25447
10229
32098
32954
39520
29907
45742
45820
18841
27079
1486
33722
33116
43559
23025
23965
4145
11038
19509
48652
13189
38216
16849
23661
5359
12664
47322
30635
19014
3995
13413
46036
20194
40122
30605
35605
13450
48530
36255
4939
41193
8284
38273
36344
11263
25125
1466
34575
9439
33533
42523
10558
3544
39986
36620
32102
4302
24549
7851
26173
40147
47650
46599
42067
30054
48077
43129
29564
27475
24010
164
36452
41995
17738
23032
6295
38216
10261
14991
10981
42933
6203
32665
40856
10074
43181
45027
39359
47781
15191
318
39912
851
29497
42151
3267
41454
12607
49507
23090
37997
24186
45063
2493
28483
44240
19337
30556
5887
8720
12658
30852
33167
8971
47602
21856
9268
48391
32367
41808
7694
43131
26298
3573
34034
12366
36091
6487
15005
29803
35963
9946
24811
29716
18939
2739
42121
26935
15222
38159
28274
41393
7468
40441
38688
1916
41327
49729
31322
27676
29883
21450
6973
35390
18123
40490
31281
32814
41321
4098
37212
1009
41047
31467
27824
40134
47818
39265
20024
10604
37215
30012
8771
11266
31035
16213
48972
17995
23589
14382
31930
34953
31636
5259
1460
27830
34964
17150
44088
13854
22055
37228
31136
44832
5068
41635
21874
21993
15157
37807
1392
12952
26191
22767
32669
11511
38309
36497
15321
19192
17236
143
16834
19922
42937
29594
16062
10789
11962
3194
7968
42209
9557
4481
15855
35052
46887
1234
45115
39998
37661
36555
44325
14985
30916
35993
17383
39362
25669
34904
26027
10198
41592
48231
38794
49210
47285
39981
9128
25239
16122
10612
10105
46851
6506
43037
44057
46883
34604
32432
48507
49402
43462
47339
18475
40988
49596
13596
4871
17322
2268
13754
41320
34686
47973
30468
13297
2271
30702
8745
41103
33392
18054
47796
43687
49482
13476
19462
5458
45112
19810
8848
19071
15004
20126
14142
642
30795
46546
5552
8585
23350
32176
22256
2379
2528
17415
36923
43904
17091
36337
34818
30992
23863
23668
26182
48381
19474
6828
42476
48732
24204
26330
39018
24246
2016
30998
1425
19614
25047
46642
49868
18610
34779
42556
28727
20311
3819
37139
2432
16337
46846
14693
11406
7515
14662
32323
45558
24677
10368
41923
41841
32081
46671
35538
16175
26824
12722
12011
48951
24171
33154
47484
5276
38932
45022
32427
23545
42418
23029
12650
20452
21376
40782
16915
49214
27860
3537
14537
21358
10991
38031
1349
26611
12508
47226
29356
27419
10365
15206
13404
37252
20521
40852
10373
37332
22305
23803
31484
29942
42023
16568
22355
41574
17732
2027
2886
44141
17743
9766
9742
14017
20824
46771
45062
22287
10529
35196
19
8984
29411
11476
4911
32376
45687
13241
25377
48874
17029
26774
48890
5134
8985
30870
23821
33789
39715
43038
30618
47340
46048
10085
9590
14120
26691
99
28951
13955
49792
28701
11145
38524
32969
27458
46064
47665
751
1234
18010
17077
45341
48664
12535
42888
6357
33903
25946
46590
27869
14785
12622
9530
27188
19266
42129
12613
16897
37065
5109
15105
6144
910
38353
16082
39392
15786
16771
39047
49825
37092
17213
37640
26721
19415
7846
13238
14949
16994
23380
30446
35214
13347
6772
4283
37833
14840
41520
3397
12885
49035
10731
9453
11385
28262
14380
8662
24939
7054
36398
26939
2299
25956
41536
29815
39193
33227
24091
39817
7851
13268
36253
6906
42649
24074
45369
9574
21973
6462
14409
47587
15838
22038
12124
24841
9077
7167
24974
17512
43523
47272
32526
14457
1210
40268
23231
34735
39355
31222
225
24959
11816
26823
8949
20673
26572
32542
24295
47076
46544
26014
49249
7372
43641
27156
20329
16328
12857
29053
44457
1602
19734
10391
12016
16248
40671
10196
33534
47997
23603
37210
34612
5001
6041
5110
7800
48710
5844
19872
33537
957
25174
5974
25496
27711
40704
8484
38459
15361
35977
7914
2884
37595
33667
47006
48755
10229
3252
23343
78
22146
34276
25849
34719
13959
14197
8233
10809
34915
11187
35463
19042
7187
20116
11503
12532
17448
24950
16942
31675
11558
40374
25798
19452
15837
25820
1761
39705
36142
40191
10864
47874
29996
37805
15135
20062
47624
10447
35276
43110
25432
3107
26461
38123
5359
14485
30995
31257
38868
10853
1243
10838
13352
3751
16985
23928
49422
39577
6308
1018
21230
17376
46063
26030
35079
10578
17880
25735
14791
38927
24149
1248
18921
13278
25469
16388
21639
49885
20365
16040
26457
29245
4319
22820
17833
42387
44522
11316
33089
20983
24973
39881
28305
38158
42196
42049
12318
3
46301
38989
30343
23811
14841
6185
40872
20626
31169
12032
17401
24745
15376
48903
305
7181
27504
24700
13692
22170
31440
14332
31192
26302
8994
38813
41553
41512
46755
37245
2417
24103
10633
16193
8265
46032
12
12151
40287
37078
44002
38054
22207
639
25325
34488
45921
30757
9773
3995
12529
18949
37525
12338
5888
16658
6634
6087
15143
23860
8368
11162
27088
21894
46418
26449
9289
10592
45389
20808
2986
29031
41557
21631
15464
16112
17162
36645
12099
8409
38542
43393
13265
43717
7774
21875
27612
40264
48885
29009
14934
6423
2971
12683
47603
49698
39029
28782
42689
17740
33687
34248
40479
37858
48402
44804
46642
42508
1151
46203
14566
29938
41517
44321
2348
29903
43004
36451
45974
45334
17664
12533
11232
35834
5986
23762
30966
4849
4486
25989
12111
23709
5953
23923
46501
15957
13656
9556
26546
16484
44189
20983
44910
19628
47314
32209
6224
46099
15554
44728
46132
10380
2355
7910
40217
47293
40795
17255
19008
8113
36683
25460
5935
9554
12622
24601
31271
28816
21367
26767
17761
34725
660
45354
15078
22312
33516
33383
23220
20906
16726
31980
25183
48796
16482
23497
39816
37576
20005
15936
12523
44329
4526
68
38084
42729
44999
44249
34017
42843
39455
49775
42962
39167
37927
26868
3955
38885
16903
20876
4504
32595
36523
15328
8246
13826
42121
44780
31876
6974
5602
43651
21112
24547
12270
42209
36569
39365
13658
15951
13258
42001
15262
45622
41373
609
5989
25222
39517
39402
44942
18041
17630
21507
31544
10059
27149
44817
40825
10970
34149
28101
22511
46840
31263
9576
22566
48737
19663
13908
37058
22147
21717
43997
11841
47093
37710
46011
21962
21492
22453
11816
8213
17900
26186
40660
1744
19113
5823
17060
23108
16813
25995
7044
14448
25194
44360
39055
23525
15035
29432
8222
3686
34309
26011
4901
41886
19044
25266
48022
8315
6922
12979
24485
25313
3893
18012
21687
48975
20673
38078
42506
23824
24155
43893
4353
15953
6089
11703
34724
18070
30172
32681
42086
38011
1541
23759
37096
31782
2318
14678
11368
42746
10944
42107
28540
31710
19352
43117
42787
795
38500
15708
25088
3134
32750
37074
24976
30538
40947
43666
42201
43509
28022
16460
19744
26164
24804
12879
25274
26891
38967
13840
27868
2210
46586
25507
16607
3848
8590
10787
49221
42626
27378
2168
45701
39531
205
23159
31864
28216
49588
45686
44784
17616
45842
30795
44031
15629
9883
17899
8951
26972
31454
46896
48524
4783
37703
29437
11797
41418
33306
38967
24800
5621
11518
39566
32591
15474
38161
7112
8296
28924
8886
11356
11552
24507
26032
29164
17388
15067
5967
1449
17232
45831
42739
13987
47634
48867
10383
2049
39648
27484
13808
9653
3121
45855
33848
35264
38014
8891
14030
47008
23670
22349
20233
6164
23870
10034
44543
9403
13224
4349
16572
19976
45703
31908
14379
10255
7171
31065
3393
3573
6937
10564
42341
20148
26613
26028
35885
38164
13089
2857
2358
12918
18234
20449
10703
5158
10630
4183
46264
42759
40569
47905
5682
38040
19567
38685
35092
26028
16593
7162
44988
31673
16636
24160
41454
23326
31509
38502
31480
33996
19728
11770
32137
36195
44465
45349
3430
23416
31068
29579
47475
29979
6701
28911
43227
49635
28696
36838
47539
5251
16324
1978
16777
42486
33350
18669
4064
7372
21039
37231
40944
7924
33361
12904
46562
31690
47602
17966
21671
18469
46120
46596
44252
1936
22023
19775
28779
1675
2143
6015
32179
29693
16249
19763
9520
33827
5103
7321
22138
8123
44347
48253
12655
32528
26337
46631
2325
13563
6017
1187
1496
45125
41567
28175
42165
23887
40149
6450
41797
44719
48168
1344
9120
33806
38701
5626
29812
33678
31373
13896
20509
9876
7235
48650
5041
42308
9116
29447
34541
44626
10736
46979
18956
21641
22713
44650
45115
4890
10426
6476
32874
18869
10318
10180
37263
42159
35440
41512
15700
4048
18311
35489
42082
6411
21619
27275
18839
1581
11743
38857
34637
18688
31419
25676
32287
2501
6641
28281
34653
47028
38050
10021
41535
13685
42221
22978
1642
4521
9941
43231
2149
10714
30207
19838
22180
30275
40015
24559
14150
7869
49711
37664
14062
26408
18272
8157
24780
28533
7212
24399
3064
9402
27854
25266
9260
10089
25035
11400
4443
6723
13676
21823
19885
27526
44108
40693
40890
45484
12753
16875
3342
32305
47105
13724
37352
21177
40411
423
43493
47450
20858
5238
46109
33140
28261
46787
30817
43090
20619
17354
27227
29175
20083
39573
3672
37409
8121
1568
27337
5286
39798
33179
42565
39132
23929
21888
20826
18504
33587
44874
28033
44710
33881
4407
36150
36557
5713
17674
15656
18871
20547
32266
1041
34345
23548
43164
43545
27515
15642
7726
35563
36120
8107
20424
42720
4994
17327
31831
34632
25214
20535
30378
38367
41607
45374
234
45319
25552
45868
22057
3603
27126
37251
13883
40309
28503
22478
31881
9309
14070
47080
32531
15935
14281
18210
10431
21623
27944
30783
31254
33230
8558
4489
45624
20528
490
1045
16551
25675
13530
2291
37359
20399
10953
37804
3907
28237
19429
30569
19957
38178
15590
10521
15867
11357
8148
48497
38740
29836
16045
36405
5176
12618
25948
5540
17888
9718
27001
25650
45751
22412
20386
34673
4166
24762
18190
33636
49161
39387
48384
1974
49966
11679
48371
26447
10087
2214
39714
5550
45728
10287
25268
15800
3599
16196
33994
9542
45071
22325
6044
3544
22286
14237
34204
31782
32415
31480
36900
28885
17196
46754
30849
45273
47155
39293
40562
5036
4853
32507
5303
42973
39298
48559
20592
4025
2273
23778
14553
33255
47159
8742
1780
14228
8839
27228
11610
533
34809
36636
22920
44882
35608
26638
32113
40731
15226
15384
18502
20703
2702
15543
12375
32277
2628
3773
217
5135
34814
6239
7700
9458
39749
34481
47743
39427
29738
18433
21654
35557
13538
41251
14747
46876
8819
40589
11242
13366
29456
38231
31844
19616
26695
13390
38314
5451
37905
9926
32357
7603
41334
22903
30907
7487
31191
32711
992
21958
9645
46758
24136
46349
24231
34467
29878
29889
31955
22573
40300
9298
1075
26769
10545
26653
49000
39506
2112
39981
920
34437
5153
18138
45839
24984
25337
20532
12017
24474
9765
32316
20072
40213
22269
34068
19828
48554
12307
23808
2385
29396
4735
34317
2768
32438
47845
6543
24950
5335
38835
38988
38627
7145
2977
42180
8699
8151
31950
2185
43556
27320
18595
24276
1399
27018
18974
5724
1457
16049
5068
43810
4977
49549
42831
12729
28238
34916
48113
1053
24649
29447
35986
16576
17585
23502
35231
1982
8922
47745
7519
5925
43063
22051
33725
1395
41691
13085
31528
5027
9853
49721
10127
432
1388
39121
42927
11613
116
10589
36857
25723
26437
21489
16243
38917
11754
21446
25569
49175
24894
46943
27871
47257
41424
455
15350
28929
25643
46767
39633
47631
19576
20463
26528
1760
10090
19324
19082
38567
15094
24290
36637
4301
1510
41450
49096
3557
11981
45238
42986
13924
4510
3746
20427
15602
3363
14752
20596
264
12700
3365
48235
42215
31161
4817
30092
34462
43622
30889
42326
31455
3427
26770
11539
8487
7204
33741
41871
4227
47028
13796
13546
2766
36977
20719
10563
32223
30845
28245
10522
48747
2317
43100
778
49975
22481
11231
10156
14565
13182
3269
46162
29056
64
9446
26508
11982
24628
6795
6437
17904
33700
35594
37776
45829
10808
14380
31282
14314
11971
24066
6841
17241
22003
46273
40187
9754
27834
1533
25480
26646
10642
11530
14233
32703
49326
11690
46496
13664
17755
37478
5305
40177
41713
7849
34487
2347
30897
318
9506
2125
23271
32142
26471
49674
48282
4864
30915
34571
13448
1747
20387
12581
14302
23625
29442
36022
35047
34372
30248
11246
14477
830
26613
19438
37657
26078
879
13341
47370
47147
39067
28438
30684
445
9418
30715
45065
27506
14902
28016
23300
11328
26068
42306
18874
42772
8467
19076
24020
33566
3289
28088
42109
44798
32108
3199
43714
7749
2253
31812
10529
24233
30325
18091
43942
24862
10669
10245
10512
8339
14771
3997
28771
28333
49727
30939
6199
20014
4094
46790
44526
26894
42564
16058
47655
37121
37204
42825
31845
6090
1429
20297
31159
17216
16693
20256
39840
29760
29030
19545
31720
39013
42197
17797
11395
13421
44684
17715
35987
18271
16356
39198
2594
9844
33883
12569
9727
23187
20434
33805
23155
11394
24152
8914
16943
4313
40978
19747
48507
47566
26575
15902
41513
44167
22670
46269
46250
15569
45928
4064
4909
3993
11906
38561
8893
4921
44217
3473
32025
36847
8585
8026
25921
29696
31214
8003
47237
14243
5027
15098
42573
15026
38222
31709
28827
47270
8422
49529
8863
37638
32416
48131
38495
39289
14967
15303
30592
44171
2979
32702
11475
31820
8238
47781
31994
14934
6362
31242
27135
47099
36400
25669
38314
29104
12353
22186
45817
46129
5593
28603
22124
3053
1625
20620
1391
32467
145
14432
33645
44143
11975
45386
41114
16029
2377
39004
48663
31671
917
9552
30922
27855
21552
15519
3917
22750
24529
11209
44167
32569
38520
20957
23533
18707
48459
30882
47824
22040
36591
6771
23430
21623
37749
7526
4648
3337
16790
29211
12302
45729
14392
15482
3598
26025
48609
2706
26520
9897
28657
42147
45304
4770
45283
12192
12856
13417
38407
37729
25618
22349
47855
41269
19430
47590
9183
48516
29152
21423
15373
31081
20467
24165
38206
12392
38990
44156
14497
15146
15156
4550
12072
218
46216
47179
30573
29233
3109
41789
45635
13497
38426
39862
6073
31933
17657
5774
7078
40846
39036
7252
24799
34951
12783
47157
35404
3501
39346
12864
31039
9525
10285
14476
7243
19632
32589
29681
12602
39053
25361
49808
25754
9823
41310
20265
48230
22435
47729
3219
5814
29245
35167
21468
34900
36136
46883
5845
477
25944
1516
7912
28403
2747
29230
3614
18013
26083
41338
17943
11363
2307
13446
27084
36528
6483
37141
20456
17194
38524
3875
17430
37793
29994
5043
28017
31612
21168
19939
21668
34977
44695
37796
3625
35140
26034
13996
15268
38652
26803
2853
29621
17113
33516
19105
33593
9219
28943
43530
27313
21602
5352
7805
36968
8942
43502
1731
11866
2432
23064
48028
12269
6449
24481
29782
5761
27945
42579
2192
33217
34251
23176
16646
14533
43807
4531
20848
29071
42306
38363
4208
44970
6711
15368
11503
4594
7201
46636
36855
35346
44644
34512
28307
38486
23132
32385
47683
46299
45228
3840
17342
41832
4329
30519
318
11500
45754
49169
26027
48129
2244
4116
10313
2274
14316
34535
48886
30464
49287
18512
15751
46422
5651
36878
12221
18120
35603
11034
25027
41693
23602
22576
45098
2880
26968
199
20909
41951
36234
44126
40034
47196
12565
28560
36330
8535
23831
26135
37993
28094
36434
22647
30263
28767
26075
14744
38114
6973
27586
2663
6246
9851
1377
18552
25644
24950
10591
49954
3786
47201
45927
3851
19124
47189
27654
44741
2954
49669
15430
49062
40617
46957
38800
45974
46916
16549
28765
8662
21682
885
26278
20373
32643
33564
8777
43768
31981
13376
28431
1924
3708
22085
39707
5904
49943
8623
40643
35522
37584
35840
11151
34336
17097
44857
38865
47412
32528
14850
16984
30026
12214
47624
2881
7479
31045
35874
44360
27151
34636
2159
21263
33085
33221
9267
37050
22884
9494
21626
36585
33060
14954
12872
5073
25492
21536
26133
6693
6905
21992
31586
1478
24778
30085
26585
35211
13224
31229
22077
22165
25383
32034
33401
49835
43004
3243
43108
23803
25226
1801
12418
26565
16310
12387
1778
14037
43975
28381
30235
37370
17002
43704
44860
27143
25834
10447
28736
4146
198
36041
24080
28455
33593
40690
21940
8145
4204
11372
1015
17568
37374
1616
44485
22859
31462
41999
48861
24856
35439
13228
3153
34132
21726
23359
38205
22186
17120
37749
23563
48929
28732
3290
30590
18384
21374
7477
37684
30015
3224
48788
10730
27642
4228
48221
49002
25855
34827
16708
33721
48259
44236
14992
18180
46241
18175
29397
8481
39452
26750
13071
24099
15918
45382
30319
6847
26480
32872
18897
9356
26731
27106
44265
32123
49392
1354
16479
24381
2015
27838
20803
34635
39529
25203
5507
36961
33372
38402
36209
24646
10664
28614
2689
14504
29994
35590
37580
46999
26630
21806
12251
3341
41374
47991
18199
4506
31958
2281
47568
14039
42787
8103
23925
48654
49274
7048
46875
23064
17741
14248
22599
42178
42831
12487
8831
39561
15805
645
41063
8616
29293
10136
19992
36736
46995
39309
2526
8856
31411
39564
577
13910
38986
32786
29391
2066
23890
36632
16863
22427
45738
22432
17797
16200
47762
40175
25906
319
41689
41405
3523
7452
28210
9291
49981
21899
28503
36900
14268
45579
46831
15512
43571
37975
28694
7623
29748
12365
49958
48261
31636
39953
24519
15809
49745
25614
46758
42565
38081
27634
36807
339
35183
36938
40739
7635
35134
22816
48799
8329
38565
19745
28039
4506
5936
43324
34040
28676
39246
34210
7938
54
9949
25553
27671
5083
44122
9762
14785
43113
2347
49079
30971
13516
3034
18126
28504
17276
6171
38751
17814
10724
18533
39693
17257
24168
9578
30243
8718
9317
34571
39872
16588
11917
37861
40344
42870
6479
5439
3307
4058
15844
47350
10344
44278
3909
49188
11569
34046
7340
29539
43321
32983
43010
28010
15709
48616
21527
48600
28441
16950
3553
11882
33673
6886
45036
41921
32314
18402
36680
19079
6011
19890
29383
16289
19797
43050
1665
5044
8642
17996
23174
25860
38066
25846
30270
7532
1843
20986
41831
24463
8292
37016
14582
35095
21114
39879
11731
16077
25121
4852
324
8815
34754
32343
2102
32979
24141
8355
2476
47512
35814
19664
1604
348
40209
6674
22697
26787
15434
6266
25161
42372
11218
46224
49689
7895
12006
20020
23629
16635
9963
36095
48149
21653
37053
30562
7093
35394
17848
34649
15717
24437
7545
13931
49751
26128
29555
32212
6478
10309
45566
40588
46289
20595
18890
13424
13573
43381
8075
14061
44643
41772
6990
11836
27723
14965
2797
6501
21262
15375
29455
20810
17690
15693
9133
8566
22071
17162
22149
10868
38863
46048
9408
7387
31328
23785
47969
16590
24604
13845
44773
3803
37621
21680
23379
2437
14402
14557
8713
529
24254
39602
2263
11476
38232
2858
42012
8048
41766
16845
26481
18201
2572
47572
14514
7583
42047
23039
7066
34943
9931
44971
23976
31617
29620
13463
10756
6325
12478
34603
10030
13636
38278
22546
25297
33979
45025
35187
47972
33797
23632
40023
40262
9455
40784
28960
8390
27017
40166
45952
2635
15122
12906
3991
41264
13832
31466
23673
42670
31864
5771
18535
38271
1719
47587
1882
1252
21783
18680
4153
23438
15138
27451
46678
45726
32815
44463
16304
11637
45219
21505
14020
7098
16112
33563
24842
40307
49067
31303
42002
11638
19013
34778
35386
23865
2457
49253
18070
42319
11123
28716
33460
2075
16459
23440
6236
39114
42882
13868
32527
40540
11623
48129
20038
8894
25021
30412
17685
49037
1854
16862
9000
29216
22655
17902
17298
6859
8078
46380
30420
15785
33747
39714
2076
47649
34082
18043
40342
25692
44684
19197
48603
17449
5703
30156
5631
38561
24004
19082
15429
25909
7795
28100
32156
15852
20899
24815
21679
26658
17513
16229
34112
17519
22251
28963
22099
38617
20765
44968
2052
5341
14496
8827
17678
6798
11364
4527
42602
29942
12045
46095
7808
24147
30613
41765
45606
46970
23267
47098
41923
46688
40836
14383
9485
15427
42322
7689
6044
36372
16101
19779
31304
9873
15005
39061
9610
5921
9266
8069
44193
40421
21483
5280
35877
34107
23737
36338
35209
32430
46443
22041
49179
27261
16094
16608
26505
27195
40781
13369
39991
1611
20534
46923
15994
5345
17090
42903
17800
14709
22783
43314
23780
16897
11791
43105
44250
2193
30970
45273
40237
35214
16517
46295
6094
43958
39020
37170
37900
5211
3525
2432
48325
41162
32692
49924
29336
24864
19137
36326
33452
22845
35102
32199
19666
6973
12308
33267
26764
38497
48111
41657
20437
20298
29180
19289
17982
4243
28552
14638
863
48354
26065
40636
48352
26344
6931
4003
3633
40827
29356
26352
18713
305
17365
2938
34316
15880
45419
33807
33065
41422
26848
13339
33725
39548
25821
37110
16594
39378
44614
24143
23614
34778
14178
4458
19902
18370
3991
41860
2719
10222
26461
10856
47249
21423
47138
33957
9901
2237
41286
2853
26055
6781
26805
13068
8021
23397
5182
35334
47299
24356
35309
734
1159
31563
26945
5718
34002
15284
38466
25705
44620
29576
22739
13158
17105
22025
31534
18221
10854
46124
30837
10708
16238
14505
32253
6543
21538
14949
29686
42928
9058
30564
33181
45578
8882
1953
49902
34647
17757
29361
36395
38221
22897
3375
35270
34951
13978
729
31262
4817
23562
12403
2688
37171
20319
3041
41400
17834
36811
4461
18365
31903
35030
22447
30884
19865
28943
22459
30785
22999
24082
12620
25846
47193
40970
17905
37164
40815
30812
16103
41512
23714
22665
3347
31933
18396
10532
21330
12921
13126
29367
49861
40832
47237
24954
43287
35722
18344
37718
31568
8167
14962
40836
19196
4637
18874
16376
6190
42520
40859
36771
21607
1399
40995
31077
29920
36683
49173
993
45088
31867
31835
30745
13638
7457
39944
42578
39621
26988
27378
38822
47900
30324
25154
2638
23254
37854
11401
26774
31137
32018
31556
352
13385
16613
18474
40234
8569
45846
17764
24785
47269
49831
26252
36362
2758
992
36820
10642
3550
12389
39237
8196
26363
12768
27809
645
13138
12297
27560
42885
33181
15430
15514
1277
14830
43641
38960
651
26646
41465
39754
8690
49831
27487
8154
26711
18566
27801
36736
37924
3669
43658
7283
47569
24177
6206
9635
2442
17661
6914
43397
20194
19542
8164
28425
6108
25013
27598
46520
32298
10976
9105
47856
28031
9484
27968
27338
4429
39524
43539
23393
34250
31733
4656
27606
3189
48491
43581
7071
36892
25639
27580
30177
33972
14774
47926
44949
36864
10290
25021
12999
39318
37431
9592
10534
2767
20923
6242
27330
30870
26699
21825
21650
141
40112
5455
8372
42910
29863
33736
4018
14672
14171
4670
2193
19878
15727
48818
39598
39550
42752
39878
48316
4127
20249
41802
6576
26899
5081
46119
29818
8369
36522
11181
23491
18235
35387
25524
21988
12372
27323
27750
13965
35000
46749
7139
40916
14262
38612
45548
25536
19082
2066
41339
41235
39065
49771
26800
45491
12533
7435
35845
5855
39609
5280
4147
17170
22560
12738
42690
35404
29331
33723
31907
45995
23830
30123
17240
41804
43653
30068
48477
48374
30530
47563
35164
20509
31256
46119
23429
9850
14046
37730
45542
25778
38067
24882
2083
16810
16366
23069
24996
12624
43269
44659
26333
38173
25247
17594
1534
14044
43757
33128
41989
48296
561
20713
32844
26294
31181
11292
48252
30648
23314
40992
26225
6522
46374
20164
48533
14352
802
18147
47732
9144
164
41470
23862
38626
47722
41260
11715
43358
18038
15001
43684
584
28598
13640
38171
8335
28079
20597
23749
1628
15247
12117
20269
33420
8941
30254
44470
15990
15973
10435
40380
45009
36343
25021
24986
10406
19972
20495
9364
23744
38592
22146
23903
37246
40573
8424
8153
24825
22266
15701
34050
5400
40968
38567
30653
10222
32318
15892
33119
13734
2432
45980
22526
7017
16898
23165
5612
13830
12283
22775
293
19263
27031
40757
28661
34277
20201
36671
7962
38244
4472
829
8938
46543
21329
20651
21862
19787
10415
13403
35852
35061
48438
20778
21865
22099
32957
38379
47716
49819
19624
740
22631
8593
10640
28149
13942
9800
5642
21628
13630
1259
35297
23571
8983
18896
38043
9301
28539
12993
13032
14621
34263
1106
21483
27183
11999
30067
24359
46680
16605
33920
4849
1805
27486
5406
31939
32549
25974
17645
16898
44787
41764
3404
14687
48228
45347
43620
25165
21427
26
28533
43479
40268
7514
19328
4744
7619
2523
17956
3757
13330
10869
493
43060
13604
44164
1908
40952
7189
22667
18819
15587
12043
40821
17431
8931
8392
44331
41474
8192
33389
49448
37716
36100
32893
14860
4921
1831
10713
41490
6911
40127
5601
45141
35414
9084
28781
47559
8421
19648
6410
15460
24997
22050
13522
36007
46833
3878
21236
35956
15232
40304
18031
14267
36154
9071
6053
44049
36704
6060
35544
33981
13466
12922
26535
36365
25141
46896
12622
43088
42719
23086
38851
24692
2914
44644
49977
18720
23045
45469
10859
21328
10943
19235
9825
42597
17865
20920
26859
34700
11956
5006
4911
23044
584
9610
28779
12243
40672
48158
23022
11225
28198
2760
16475
8606
11383
16357
46449
33229
16602
43696
738
14029
4306
21467
21003
595
22856
38716
7974
17548
8111
32594
39505
13337
26481
47068
22794
23206
28290
29712
6709
12146
22615
46633
30862
30278
15197
37215
18688
4699
8592
26667
28019
2862
4111
37273
31573
1383
39507
9972
12758
45682
34826
3266
7915
13548
42809
22566
41745
40370
21387
3172
27584
40394
18446
4568
930
47164
45474
621
20454
3834
32464
42113
3537
19460
3181
2878
17541
40082
45269
16422
16670
37436
38704
13883
28543
11915
34231
22593
27377
16603
36689
30693
8533
36461
423
13440
42552
11986
36881
2071
37175
10287
29315
28189
7460
13426
19775
39853
6206
32361
24541
31525
25436
12277
7957
34110
12326
20522
37136
44278
12957
588
17140
2624
41551
7970
28895
5478
48981
47229
24089
38198
29670
45682
10755
18915
37066
49346
17313
5452
19664
29281
31243
22617
12246
24555
21171
11335
1992
38889
16773
1266
16608
6581
32591
14137
34734
7776
42145
48251
46373
16178
19331
28615
31642
8596
27828
18922
43353
17732
40145
172
48591
19686
32805
34412
5327
46634
4583
20457
8518
46957
3307
42167
25308
38185
45178
21146
21187
32288
22763
1900
3714
45164
21566
4668
23843
49354
37928
45829
13367
47626
18042
2241
40822
48267
28642
39541
8364
7301
17463
18628
33512
3546
16097
40680
3090
33809
20864
28202
37797
12900
25546
8019
21055
35960
34364
24187
48190
46796
18176
8934
27559
17158
3734
40149
4222
44587
45821
7643
17070
22144
42820
21455
39810
24209
13899
44076
35687
39538
19481
29073
12729
10621
25869
22367
42354
8171
37789
3167
12370
28046
2358
15117
20292
1944
5783
25108
43546
14562
33640
14890
9010
46212
48792
43748
33584
25188
36484
33757
13194
14302
11760
5908
19574
34646
36986
29251
3014
2984
3004
20220
14180
16846
41961
45081
24948
41653
47082
1334
28599
42910
44990
8270
23189
38852
32981
45752
22278
9530
1993
37783
39577
41235
437
34272
46633
26914
16986
6115
22226
3114
37469
44371
32971
8918
43963
19599
28587
10397
49498
16877
46368
34676
19832
700
22480
43406
26860
13091
46844
49116
6301
8678
5783
15960
8743
10584
29649
43997
19102
621
9823
20496
9075
46240
11025
1464
18901
39275
25016
3100
47344
34669
11071
41093
28847
24097
19214
3515
26733
49620
39816
46065
17510
15978
37514
7040
13396
45011
13473
1791
10456
39915
14729
37393
34861
25132
28620
36904
42914
28146
37004
15102
6795
41715
31571
27732
16011
6890
20830
13460
20953
40195
48078
19830
49063
8291
22593
23161
10952
171
5972
47325
24554
43812
31520
24834
14663
42936
22251
14558
13054
27382
715
27113
24123
34705
6910
47200
1346
25463
37660
28515
27711
23122
20862
23686
11987
29483
12994
9902
22265
45290
35284
10389
36445
12746
14581
34673
39953
28144
46520
9158
19770
2415
5469
48231
29888
6970
18603
33910
38986
20461
21385
49750
32274
49547
49659
16697
11739
34161
40467
12803
44120
6170
22714
41860
402
49433
40770
48779
10409
5854
22795
4105
23272
17189
39343
46295
38947
45860
38252
206
2425
835
2844
28424
47590
48324
3150
8683
41203
8321
9029
32837
37950
21014
31362
22262
3865
39325
46693
45450
16077
27695
8132
21958
6663
18626
36895
29895
19206
7060
31933
27963
8069
5324
15880
8643
17944
2218
40640
34065
38490
35058
28635
49193
43348
37846
37804
43216
14740
27558
675
49552
660
8559
10561
29271
12735
47813
45504
48539
46604
26933
16080
17934
9588
45292
48163
5607
9788
22176
20531
8305
6867
42047
25746
20638
35053
25216
9307
49526
20521
21689
29124
9481
6397
2632
15049
32257
24552
11406
10863
40263
25643
38407
44162
11175
27371
31601
24857
9322
31821
29759
30890
30228
13300
4708
40843
16998
17526
1075
890
7358
18189
23939
11635
15259
7474
29840
32417
29797
29702
37158
44882
20791
18528
20672
34251
45827
8364
49834
44826
30289
18834
31219
24643
16945
22536
14112
7053
23837
20413
11140
11123
9648
2331
32820
40051
6248
4827
18199
8931
884
11308
12065
35129
30753
34473
26833
44380
17964
24208
5761
24125
37678
15008
29548
47088
14445
9800
593
18931
9229
34793
12644
43963
1217
10426
4059
22869
19995
42468
46570
35454
16414
9937
21628
23896
40446
17021
11377
41991
11794
27396
39346
21817
22465
44383
31364
41416
40788
45205
48689
18535
47734
9905
17156
47355
27297
47176
24521
418
47695
49013
9721
43873
34398
48453
35537
48996
3054
1107
29186
47778
24341
21296
26010
15654
6252
10579
8780
46560
21991
47198
41191
12070
26685
37468
5801
19632
48572
14973
48625
28765
40393
7123
17805
23283
23730
27770
40280
16988
15408
28749
31171
14018
28680
48797
15618
7921
12260
10277
35904
2847
13688
27926
8340
30417
22456
10283
9941
100
16838
7426
47750
1013
41993
48154
7531
26642
21386
46156
48961
28531
10210
7893
47441
36899
25227
21440
16133
318
15006
9970
10115
46775
1687
20417
5086
43640
22850
11015
11058
41236
26764
35629
31738
13900
16617
21526
40949
20592
34155
11820
17645
12770
22796
19263
47910
29931
25211
147
15005
49005
5343
35460
38383
13606
2116
14694
24345
2368
8876
35873
29503
43841
41079
484
14195
21813
9165
42483
16950
5547
34420
33272
45316
23438
19153
6780
23426
48355
45597
30251
37791
25904
30977
38424
31764
2474
34051
49104
18097
23560
40030
1661
42038
21627
42866
14759
9483
32897
13017
11383
49154
19346
30271
12553
7973
28010
45292
39385
17743
1244
28771
37728
5151
22941
42780
42739
4326
25905
7746
46775
31071
6351
5383
23923
45658
18149
3866
24407
9703
42570
21958
14588
17127
47370
3056
22638
1910
11767
34671
12824
13014
20986
4499
16917
23851
29557
9149
24268
27049
25067
28926
17889
15690
48666
17551
12468
42782
26582
43704
29625
44384
18744
48821
62
7383
6638
22469
24908
11555
20689
23158
36644
29928
43870
9634
45442
12346
49971
23360
6601
40387
36418
15497
36882
39393
27935
23493
20987
16352
32028
8325
1964
19156
35042
11371
45188
10710
16145
5683
24009
23704
43691
15654
10145
11165
11859
3303
34234
27381
39482
8796
21062
44174
13480
6926
15276
13620
4951
20990
34252
43285
33281
5331
37377
21116
8942
25292
12092
46503
44396
41215
22357
35478
36877
27272
28149
46095
45052
3648
24945
31550
31545
20340
45474
46190
27638
6218
49409
1368
19449
45128
25387
34036
20113
26559
36139
6402
686
20826
24968
12585
33582
26030
22651
2310
3123
12358
11928
25606
44939
25668
5497
37088
27665
7181
18890
46431
33770
7414
13423
1431
30686
31552
30713
43822
29740
8083
10848
4335
33516
45525
42860
10535
4585
42822
26433
30689
44655
39134
14758
45951
16569
17448
30854
3788
23467
22239
10585
31293
18030
14504
6553
14588
17923
19888
14298
19909
47798
34506
39636
2792
48392
3442
3253
21146
17911
19387
29013
973
22547
23295
32174
40390
17451
11887
14643
1793
8215
27656
8378
26578
41632
16887
6573
38891
34265
3856
1240
30397
27445
36215
252
38358
1265
45124
15672
48351
17436
29646
31976
18071
11613
25326
17471
42072
6847
3964
37594
22619
15836
30601
42767
46819
12718
1404
23783
48067
2395
24259
38527
5099
8194
11024
17622
469
40860
47084
13865
3585
32437
2282
13868
10686
12269
14594
35203
6336
20597
48328
10940
17272
48903
27265
13195
26505
3361
33178
16673
33653
11440
24257
17954
5714
14693
3992
45755
2355
37477
34821
23090
34789
2241
10604
9436
19650
28537
21590
43455
8960
9650
4212
19925
14543
32394
18492
22255
1066
16362
39408
10792
33528
763
34856
26050
26081
5458
20510
8374
4686
22663
5713
16298
28108
29059
23390
8823
34390
44879
27369
12761
48468
21321
34624
22577
45553
13118
12064
24466
42972
1145
34563
46700
36819
27052
24589
19611
37861
22133
12550
36043
18539
45623
21219
19706
46329
41355
48976
40880
21416
10573
44601
2250
9522
49958
49755
42624
34654
13919
37742
16695
3466
39433
31114
25678
13496
17415
77
10297
16169
21760
43938
8886
31955
23452
49901
11895
14211
25670
40141
23110
25131
49135
48167
43534
8109
8648
32272
43245
43372
17567
9582
19735
45590
9824
2277
1511
34137
8966
23982
24826
37236
45748
28794
39411
8406
45293
48939
15904
43752
17953
12456
28716
30880
45515
37786
14825
12818
33089
22808
8770
4126
35210
24390
45146
12651
44534
33491
20035
6981
47824
13645
30633
32635
35683
16010
47110
3468
121
47469
17837
32956
30362
19189
23480
30127
21111
43786
5772
25514
26733
34159
47632
36771
31113
46857
6451
34774
39457
5708
28176
25345
27806
33694
47731
45315
15617
26677
19972
25795
31851
37624
22073
21533
21590
34322
10155
47854
20565
4298
6551
14692
21081
9676
45850
48527
2165
18045
35786
11312
45783
37611
37119
22740
5520
33164
42031
32610
41406
40760
4981
19491
24477
31195
42582
43496
31426
14496
45881
15697
5584
8992
20669
44435
31459
15740
8768
16739
29661
27130
4516
47325
8532
36256
25190
24545
38157
36174
42070
44469
46332
6927
1508
18399
31531
588
44659
2700
42852
39260
121
40301
47734
21651
31810
13456
3533
2860
46928
8202
7079
42708
22690
29721
36653
33230
18271
7379
21098
3711
20196
44430
3757
18614
33698
14385
38769
18401
29144
35657
1999
20679
26004
37621
1667
41669
41205
12130
15907
4048
36405
14327
22094
41370
29676
10675
3033
26038
16310
42236
48197
39381
353
6845
32878
38844
6566
17729
47787
18514
20273
7930
1811
30617
48810
18827
13504
8201
46250
43824
46877
41201
40261
6886
42214
28821
46638
33891
16468
5013
14387
11308
12293
49269
34540
39828
27904
39101
36854
34714
39656
15376
3420
23364
23571
31398
47655
29366
43680
13431
5635
23815
6850
9177
31071
12782
31256
8277
32971
8572
3353
41839
26256
19189
17797
39357
11254
40873
17545
46533
41024
10727
36090
18215
45248
7311
32559
43327
1104
2425
17524
21285
28712
42497
48720
8277
10766
25391
15212
44599
11999
15595
34733
7213
25849
17148
10098
45
36812
41983
37305
41421
2212
27764
40633
23652
44574
13311
17739
49602
46200
38947
4096
38878
42816
32782
3522
205
32548
12557
193
22513
24022
22024
16261
46914
14660
38788
21258
4846
1863
26857
22506
17186
49689
46224
30577
9627
29442
22936
32394
44477
37621
39262
29172
16794
16780
21993
17426
49653
39331
6925
5745
37773
17834
37424
13932
20007
7086
42385
21924
387
27167
24818
47101
9843
18329
45736
42705
4532
43480
45701
45799
42217
10643
27251
27097
48902
29412
34749
34219
36159
7428
354
6637
7991
380
28492
32113
48653
18255
4002
25712
9564
31782
3376
26831
47414
26944
49655
28954
7658
29502
9957
28830
5916
24032
22933
45956
10611
31395
43137
25939
37778
14188
462
44234
423
14279
42511
44360
17267
16603
31081
826
22804
2896
43941
11762
37970
43045
4991
10113
31656
25782
32618
609
37087
26959
44798
11829
20047
14916
34879
34963
22246
20481
30631
38939
29417
30912
42318
23319
33271
15133
13019
20353
9913
39081
39567
15562
11643
16464
6622
38836
26097
19161
26692
5889
8531
35620
26547
33570
24887
3328
2190
48280
25936
27120
46373
19013
47426
13953
29890
3218
29794
34846
23019
32565
12594
34595
46048
35179
7657
36603
36523
30898
6046
37441
41849
33280
34569
40289
10372
6063
1511
15548
48626
13008
923
2524
31341
20665
8873
21861
11232
14852
20372
13233
22925
41135
27762
4096
31646
43431
45140
44753
44097
49355
12758
15602
11974
31214
31359
49686
18468
20999
29786
47282
46430
17077
26437
44938
6499
31130
981
14833
4111
6348
6194
47737
25723
30929
18344
31401
36565
48617
22959
43428
38305
2741
28363
27912
9172
21137
44374
38164
10671
9133
44007
46187
35257
21790
1217
28689
25339
49815
47458
13519
26476
36420
4549
21494
12039
20721
18058
8674
18274
20633
28906
10766
3901
14198
9883
260
21754
28660
15958
416
23515
27272
12651
31459
18198
15934
7668
1987
19470
31820
22760
41973
37313
40623
33010
7633
23500
31694
40278
30453
22548
17105
25748
32159
2873
30220
3844
28776
18475
21520
13655
2595
35841
42719
30473
13762
28999
31350
43101
42173
16432
33530
1982
12788
39005
39276
39238
48448
30287
12658
21297
33483
30782
13241
12602
43347
10594
26920
16398
41479
36752
32510
48612
40975
48802
23072
26648
48974
10366
14083
22794
28513
7891
40605
14938
16668
11925
35390
12099
3552
45754
24649
7049
19029
3220
24282
13175
17325
32964
3744
18272
23620
30537
9425
20752
3402
39235
3269
18225
26285
35858
13381
43719
26631
7070
14011
26292
43567
16923
14880
25623
19672
24839
24840
14645
7156
4843
42284
6341
46737
1861
3478
47803
2025
18763
32956
34813
35087
17830
17585
46643
36911
47081
12459
49903
26689
6551
49264
39041
28481
13045
18754
17463
2448
49940
10858
34178
37316
39979
18696
16575
15872
15402
3721
15807
13368
40256
14821
19781
33807
12839
39682
39362
46345
34467
31337
35053
46412
14706
19714
31474
25596
14369
12215
33192
30076
3786
27187
47909
40289
40787
44263
13725
31935
42700
17639
8536
48428
45407
10627
11767
22830
3228
30209
10937
7845
49348
34227
13805
48465
29710
46838
6869
47502
34446
11921
32723
42332
9568
18182
14159
20236
10241
38541
8834
49144
43634
16186
25462
19668
48526
23588
21081
20262
13530
12644
23230
49643
3210
8996
36651
15254
9187
27983
37281
31750
29466
46356
11539
27862
25069
11188
37756
37900
22185
39922
19921
25490
12706
17024
5563
18605
36136
21959
45763
8503
17754
47105
30845
22601
35459
47977
6477
25295
26421
13497
32855
33076
43844
48785
24458
3845
10457
4842
28600
7120
3526
38267
19993
19111
25121
26874
38421
46513
32764
31329
19299
1136
22002
18596
36722
32178
31162
4065
13194
40218
9411
29537
48829
33383
13108
35482
21016
3515
43667
21498
13780
23315
45855
25068
5011
47158
6964
48408
20232
44505
6676
47032
28194
42926
46530
23208
2134
1060
40282
18348
22164
29504
27097
32245
41478
26367
33016
27169
36574
46470
45651
35036
14411
17038
42821
33009
7911
17246
46971
26741
41425
13937
28888
44818
16936
13647
25933
35773
16844
32086
21313
49633
47726
33487
7420
44807
44729
44322
23191
22730
48242
16842
17021
2182
2623
30935
23946
29243
21961
25609
16424
33872
48982
9620
15742
8442
33015
35215
15145
5272
27893
18834
32193
25513
44325
3491
49346
49284
6331
31977
32559
38514
33338
10425
7959
9616
6260
4766
26968
11892
10575
40651
20026
39538
4191
32930
41744
38501
35935
35854
8198
5083
27512
26727
22220
4894
18926
36603
17749
37921
13883
23114
13717
13726
12852
36487
38913
27798
7548
20024
3850
43245
26468
36178
12306
35996
44882
34938
15782
15419
2670
31376
38383
17387
36882
31369
25456
19513
14234
1409
7838
45826
14431
40819
28508
42015
27256
45958
41771
44388
39458
46218
48303
36179
26861
17442
7801
43836
29294
5633
37184
9647
34326
46481
47546
39431
28819
41224
4117
13085
47219
1957
42435
43138
6915
10115
25722
18137
6907
10065
31605
3353
5854
13764
6978
41096
35240
6466
36565
20713
18440
43358
19382
9822
18848
39376
31429
23926
43103
40313
864
32841
34421
1875
16430
5354
24982
4830
7403
1216
32203
25349
19113
27898
32312
24722
8969
25461
8747
23372
4069
7502
23088
33760
39196
24751
21517
47211
3113
47708
17335
32253
27272
42110
16169
27131
19854
29341
16061
19636
36477
33488
44740
49959
39814
32081
44949
13555
32184
20866
45735
43997
2804
42198
15848
12136
47323
3348
48508
41242
32510
8150
37031
1125
31414
18274
17582
22535
25145
31728
43791
40143
3202
15043
7802
35503
11151
39635
22512
39335
31644
15901
5364
33310
4897
23016
18480
32089
41674
34788
18034
6013
37982
4212
41663
9873
25002
2588
38284
46488
6228
32364
30314
30739
23319
4235
48669
30574
39342
38292
46670
7762
14228
39937
34344
1920
3228
3032
33090
23997
44476
36821
4543
8037
13583
12264
19108
2739
46052
27955
36310
13081
15391
23358
18730
44908
48243
47502
