23143
18487
6609
30542
41433
25305
5235
29150
48127
4580
21105
3989
42221
11930
2969
5776
25485
28641
12946
28241
49142
11530
33867
28376
1896
41697
11787
7067
4714
37462
31976
45888
4253
34907
2411
34147
9072
21539
28135
2886
36229
36915
33040
47321
16783
30952
31818
29187
35909
7390
43101
42668
7413
1012
8497
7447
7786
20889
42086
30533
26927
23660
25135
37463
11139
4907
38164
7576
36503
37357
29478
19679
23481
5233
22313
13825
15571
10391
42139
44803
48177
5506
40657
20232
46550
23753
4040
41403
23739
5054
27897
40750
48367
33825
28961
2522
31797
33069
28439
2764
16900
33507
40559
25477
1510
24471
30798
4415
13288
4536
8349
19938
16541
23796
27668
28595
34002
1638
15220
41080
38626
8270
17538
8537
47078
49109
7380
12277
38836
19620
31605
16607
190
26186
29919
26273
19405
40271
32894
19256
21431
30783
35699
37839
40891
49876
14436
13002
26912
8006
42827
38082
40778
29423
21664
29128
41729
28109
12449
10059
23929
27154
16102
2275
16851
2683
47793
12274
8155
15715
10867
40561
21820
43172
8898
32667
6519
22347
24955
10872
34845
32606
6214
23358
27214
43834
17059
15062
30773
11572
48039
30288
43299
21958
10316
11419
16171
16357
11289
42643
43112
5348
22666
38659
22395
5379
31877
23193
35743
49163
12055
17191
17995
37330
48371
2443
47400
41425
48072
49341
29124
31602
13738
1024
23739
21382
46185
29442
22642
27454
40404
44532
15256
30811
33064
805
45405
37057
23047
41517
6156
42354
46889
33153
2202
12831
106
9423
2415
23734
38897
14221
31666
2475
14638
35963
32869
45600
39628
39477
13217
12652
27359
9914
37297
10771
26659
30051
27265
46856
11272
26489
16919
30340
37514
6007
13471
38722
49574
20545
28627
24073
7715
17490
37078
16976
35362
40826
20540
12641
869
11395
23316
43842
10985
3507
4345
22236
27798
13676
7174
41990
17123
16360
2485
6793
5821
22364
28281
28676
11329
43572
3787
37548
43835
7160
2705
3125
25764
35793
40461
3776
15612
47151
16272
39859
17421
34475
13853
42787
2369
1051
48641
21275
42293
9347
3983
10300
26543
2299
21011
8893
10311
30186
47235
49807
37751
7051
25723
17238
47657
48713
30184
32801
32720
27757
25146
9828
15463
49846
46515
30584
33521
35076
28557
37304
33653
42603
3995
46972
27842
20312
6952
20856
12158
23708
9519
19249
36964
10994
5363
47379
7650
4179
44709
35688
38708
26178
18577
49249
48829
48095
49026
42694
48436
22866
29358
16522
32071
10326
30642
1256
47545
20692
18630
5289
18469
26689
35926
18579
34514
14928
45234
15935
39366
17368
41040
6690
22769
18657
11391
28735
19269
20831
28813
803
49847
9990
2961
37814
9697
46056
40021
35475
30767
36337
18120
9373
48772
20826
16230
22404
14112
9800
16498
6382
19607
43350
47175
42032
28610
5580
13056
21664
36992
18878
36823
4821
4995
3555
39970
22197
48388
40917
25368
41399
195
11568
19273
15570
6656
46116
14748
47787
17351
10176
40941
15795
40289
10965
18230
17291
33011
37157
20896
37271
1746
15642
21872
1303
22329
32865
21271
18239
36408
16450
41782
27329
3944
15618
42735
17117
43192
16368
27014
34441
23925
50
38093
37928
23905
2554
404
47912
4803
1839
24545
84
34203
44870
24068
12546
2660
38715
48286
41153
43472
46180
33254
40205
29685
16497
13867
41720
27945
26936
23163
43867
11335
3758
26268
12440
25596
27873
49089
47229
34165
6759
14756
31593
18807
46306
32388
40700
21655
39641
15217
32061
23656
22194
39073
49840
46332
48733
16866
1713
9848
28614
17934
28959
33992
4899
47219
11100
27706
1269
14412
34644
8343
7108
14068
7037
9729
48525
14316
32570
29368
1241
356
26287
26450
43833
42929
28778
35421
31909
28999
9424
36680
10755
24175
11923
14819
3154
1138
23127
1781
12008
30908
879
15086
27536
21412
5857
31263
29878
30858
16216
38532
34617
25979
49244
16493
17402
14200
10268
29827
12858
27014
22208
10206
33534
12772
26284
26431
9519
22260
22132
39638
8493
38451
49999
28699
2680
34973
6449
48754
43205
49203
7845
42673
48915
46909
38366
27032
38594
35528
35465
45378
18242
23674
35679
7319
26875
49689
40606
1837
12428
38214
23757
47669
25630
46702
42125
47225
3331
43208
44787
40366
38868
10962
34117
43192
45778
48058
14993
23074
2945
32178
22358
3825
11626
7280
10820
26244
37478
16021
5885
47506
32291
23186
22749
1636
2669
1008
36290
9032
24313
36705
34355
19163
31346
5461
15137
23277
872
20640
39732
11061
24574
24899
43106
41283
26905
33698
24874
45540
6330
17946
18667
26357
40535
38008
20721
16875
47406
29037
20194
13734
1605
8402
25521
6039
20539
3998
15031
49960
38369
20774
24168
41226
40375
34557
24120
48448
26434
38386
16734
25176
8126
27526
3631
26114
46841
34283
49335
22617
40860
34650
3915
39525
25188
1245
14457
40175
37461
23571
21257
631
38277
22740
5833
4302
19306
49670
40739
22875
29120
17922
2902
23591
20148
38978
36321
37986
47691
48622
44800
15503
8505
36312
27105
4233
23719
17610
20277
32926
13823
34559
37273
10273
6921
8837
43345
26270
46489
9523
44256
32824
25998
17735
24144
43032
30682
2591
10904
3710
22922
31119
24161
6616
8577
2738
13150
16383
48134
13375
28727
2839
43002
4275
733
36770
47290
10289
24806
41491
23050
46969
14350
10195
26395
29736
26530
28086
16273
1738
11901
46320
40375
40546
9722
38111
33748
9680
7000
33809
7886
9124
44495
14712
11716
45073
28858
43738
25525
47552
18741
10680
26943
36231
6643
37997
27756
38738
32750
42477
25525
9713
14953
16084
31956
9973
11658
49763
22457
14160
387
28250
22097
33826
22871
1968
6070
17532
8527
28007
40465
49286
36126
30029
36323
34377
2282
7333
12863
3208
21226
8660
14738
30069
26733
49952
4397
9913
49155
11912
31421
12626
30096
27690
46759
42052
6823
23883
28714
28582
41145
17855
3156
39893
14759
49012
4313
7598
13252
28504
40926
24176
35900
39486
27297
7186
28312
36593
1218
18102
12746
5117
13594
30356
37028
8306
30651
23247
40228
29524
6372
45323
31217
15872
25793
29145
10490
12320
15492
13956
5691
35030
25656
34684
36819
15664
34486
36327
27872
37522
39803
13391
8767
19429
24317
44798
35518
47140
13283
1539
6734
19340
9486
