38966
48164
40161
2471
12060
1947
32789
48407
8302
15102
32729
25887
24040
38052
37064
49921
18633
23873
15760
25769
7019
36276
33893
40865
10182
31239
8438
8911
13469
39673
30322
9551
28757
46026
6151
41690
1040
43837
8498
35534
34530
24058
5374
9003
2623
28579
24701
22239
23973
1569
25553
5349
2479
48653
18071
41394
23698
21548
890
16431
16190
32746
18303
23717
32674
28414
13736
23615
2401
43564
8199
15899
42935
5908
31597
4237
34673
331
19756
45939
10776
11460
20498
46360
7552
20682
26375
468
42124
39614
28643
41999
9569
38461
38017
30610
27025
25191
28425
35940
12588
19077
38088
37358
22964
48594
8022
9508
17081
48842
27234
45438
3466
39056
2386
10333
18886
46180
22427
8477
24017
17822
48406
2476
43271
10135
36325
17020
27070
39676
37019
29595
47480
8811
46305
44967
32470
23530
21789
25313
19829
23766
47978
26892
40668
38615
32755
24757
46542
6594
1233
24244
49356
3654
35461
26379
28320
47061
27451
8577
36106
3417
29530
37281
27648
6186
45835
13385
20791
24186
14975
25570
47965
46841
49355
41625
32807
35359
11225
46345
44558
17588
20539
9065
27433
20179
35089
5032
37691
43660
28728
20391
16215
25755
7318
28155
38650
45830
28137
43061
49477
18571
23443
45334
32257
10148
19670
34475
15590
42505
47854
17651
24818
39836
20557
49779
38246
25262
9480
47571
48045
534
48934
830
35517
13263
41332
7728
28691
2644
13808
4739
18595
33113
30037
11465
42633
27497
12063
21166
26497
43617
15106
34584
49502
286
39985
44798
20723
30625
34843
41387
14680
37337
37152
12589
33897
15938
1200
43298
7916
20203
17370
24319
10876
14230
39029
2941
2675
22499
25346
13373
19737
14191
34256
33884
31272
21213
14006
29163
4046
27068
405
39850
14220
43154
34222
36710
2444
44287
23796
42027
25470
27588
36306
25637
24450
47904
1101
47738
20507
2776
43502
46234
1008
47952
991
48900
18421
6564
34561
39150
49600
5723
7612
32049
20516
36089
17710
13878
6936
39781
26074
20514
48204
2558
20208
24225
1031
30361
43578
32354
14350
1655
346
20551
14541
48982
12457
31119
553
45677
3218
39315
31822
8860
41414
438
4684
36963
43079
5476
49473
5566
27582
47222
29922
16749
4575
35364
21457
49931
34209
14886
7663
45396
8232
7021
39326
48764
43094
27204
30042
47696
5905
22078
37072
17154
4557
32874
38556
35225
11366
21712
16730
4368
20426
16836
16301
7025
7725
12927
30719
46616
26780
47571
42342
11310
5529
25791
34439
45447
12331
48379
13006
40157
20650
3755
21620
9071
4756
33173
15879
12573
40476
19509
6765
19853
28722
13429
3130
28837
32762
49314
3723
29657
13682
22070
47713
5002
5343
33805
10542
5248
7450
11323
13876
45076
6773
9118
13233
14133
14482
39259
16305
18370
35366
14261
15859
28780
9102
19375
27031
15548
9252
49785
23536
42995
36921
25213
11589
14706
49211
1292
6883
22257
15330
36221
18867
22412
27086
19418
49489
47909
23012
16422
47751
3807
42654
4960
46484
46203
10912
16284
23313
33567
5940
24272
17392
21733
49671
3695
43303
21963
41832
9859
21083
40381
25341
4705
46044
20816
35559
29129
9704
17465
5716
28377
14542
33432
40322
5784
23137
34660
43443
5069
5684
3037
4411
33390
14752
46488
42674
42428
29233
19164
4572
35501
41202
30498
48530
2571
21704
42565
40581
32141
49554
25551
11192
39838
17107
28818
41630
48454
28273
17234
10283
44637
36501
31346
19357
15742
6735
35550
44582
48640
13278
13251
10013
46826
812
23345
11165
48974
16138
35987
36881
30495
19738
1653
6039
46870
38093
17234
38340
27262
30116
20582
40074
12917
12498
24979
20206
46012
24417
31736
37144
26239
49624
33079
18279
48804
2326
30621
33735
26404
39309
28666
17265
12965
4327
1972
7688
5779
9001
34822
27347
14848
13579
18643
28009
6704
41027
28002
16359
13742
24876
6835
44337
43121
14491
43142
41193
7726
17558
4812
2358
18339
19334
24325
39197
28566
29355
45865
37657
46175
7853
28389
20209
28072
32834
32911
17331
17042
38188
32488
9768
40317
19526
37361
9751
31342
49738
17356
11406
24874
19333
18047
27809
49874
445
24513
10594
40520
47488
8432
46881
32564
33186
28708
42490
16824
21229
33381
1163
33841
34482
37969
4749
46426
10183
18096
24494
30229
15468
42595
19784
25422
43511
39266
34167
29642
20573
43761
28281
48556
20547
5941
4043
33520
18661
35228
23420
13518
48420
33281
40950
45203
15126
40227
48924
14126
17423
133
43376
22958
4279
12101
34351
2445
42683
10223
8488
2095
19027
12327
1644
7644
20702
40612
16596
15986
35617
42492
41336
22547
25265
23858
19029
46803
48722
48920
20797
22781
36888
10322
1607
19287
28317
6045
26882
5940
12862
13392
42876
26675
42966
26626
5553
36289
32715
31846
17996
40757
1227
44970
39259
9804
43142
32747
44003
5573
43170
34547
45254
46615
44259
7999
16557
17929
21196
27952
21455
16770
16068
38722
21616
48168
4181
23458
38670
3247
25882
33398
20599
19279
35199
16606
44059
28969
3610
29815
7259
36634
10130
47843
25909
29341
31387
13532
49650
11892
45687
11283
14474
16627
24886
45493
7071
3528
48468
8292
7850
34597
5776
16797
25185
15248
29497
45356
11134
18066
26112
39569
45478
21748
47144
31310
38367
3386
1701
47547
43715
34069
33293
6278
9228
21700
46929
23003
30252
49672
17919
41370
901
25841
26123
10921
22753
1120
25182
42462
13094
32780
22603
30846
7489
3805
44303
29782
4135
6397
32959
24969
37473
35182
9387
29562
42117
22972
41484
13380
37564
5390
6593
43866
5653
7363
11291
34408
12523
48806
26688
23715
14555
9647
20434
13062
23918
43025
39368
40933
35045
35963
29086
23542
34264
34969
40645
17410
17045
7227
35233
22609
28409
36583
28296
25653
37588
28707
44265
31032
22824
39100
6213
38845
33535
26607
48965
46953
24789
49211
19831
43611
31731
31404
49953
49756
48927
355
10636
41764
8050
10269
20580
7492
25569
32221
14977
33137
29762
32421
49277
27707
4590
35078
45549
45302
32567
3023
17015
21474
49303
45912
7442
39509
22821
164
13238
36683
29132
25634
25095
43730
29705
45473
43462
24224
26855
24660
27193
4894
35510
43516
6914
22050
10730
21032
18031
31169
26200
47069
41245
4773
43982
23418
13079
273
8174
11688
27428
15786
3828
6651
1779
22412
45968
40131
33344
18886
25721
26240
28208
11172
32824
12298
39449
29795
5517
31984
14298
12264
5431
36185
9003
12342
49787
34297
43267
47150
2434
15700
40514
16443
16768
7396
19784
34816
34003
27935
2504
10377
26958
47472
16965
34196
18122
38805
23306
30939
2449
5116
12417
11371
38126
31087
1676
21639
40396
10743
48255
12657
29427
1362
46424
10667
4162
39777
47053
8529
2437
8858
31101
18453
40947
25092
21480
19551
35697
24017
17505
12958
49117
9002
43984
31867
16157
33464
35500
20877
3677
21270
47334
18804
897
4234
36926
21722
3173
10250
36943
624
34793
21567
44947
198
43187
33891
47925
7749
9351
36689
16043
9547
37368
1145
18396
36869
18938
36822
40509
47895
29682
5616
12715
135
41847
10519
28305
17332
8766
48776
30591
13959
40566
14044
25853
18809
38993
23247
29516
33677
16093
22935
6683
25825
16855
46307
23918
25982
23682
21009
49508
16403
39673
19192
17849
46510
17249
29297
16484
47592
24195
7867
3929
39521
21869
45923
30659
14417
16857
36403
15099
23247
16252
1644
39851
19685
4089
47168
1884
17564
41648
10091
48598
48274
48261
19555
40109
44936
28749
5664
20735
478
36437
24753
17289
25329
27523
26252
276
20016
6989
44859
17139
40909
44837
5845
47554
29182
48080
45358
9341
48798
18108
27111
1536
17655
42155
11407
38512
19904
15936
44442
48418
45650
45871
39832
34097
5394
32315
39355
10388
2824
5119
42108
49408
31165
26307
47116
25606
2876
14881
41212
27184
14280
5114
12206
31418
13900
39847
17622
42196
26990
44619
8800
12117
32063
36898
34651
47510
48855
34507
12527
38760
41164
1475
38674
41079
37561
20802
18522
12667
19827
35108
41330
3553
36204
37374
34388
20840
49314
47706
5614
34151
44976
39052
6051
28423
44057
19812
16553
13360
5363
47700
49439
17833
12969
25019
11133
43714
39068
33171
14204
35799
28525
27782
14230
26733
32677
11742
49694
48143
13358
36397
29112
22294
40405
41579
7956
30873
4863
10411
22874
14453
6818
1364
4356
33699
40002
13073
14183
24255
40546
10878
21514
26238
9482
6342
44011
12086
47417
35796
43406
9142
47209
913
15686
18599
11479
13024
25200
5977
24795
40451
48401
10957
9988
2717
12477
40165
17115
29190
27529
41316
791
17481
8575
48464
30162
4560
21921
16311
31796
249
21832
32371
25421
44129
13292
26782
27792
16898
22775
2978
30855
2650
1967
39158
44464
3061
34485
3225
44013
3215
9421
7479
47671
45004
44996
32509
22559
4857
23127
8325
34053
37443
14758
31969
4742
43983
1737
40223
21785
47551
23557
32696
13406
16929
20318
35695
24897
36080
30627
3181
8050
42997
24388
8284
27649
15693
5231
42945
4130
42904
7590
7876
7861
43066
4062
38107
39605
40968
43998
15460
3656
5951
48550
34736
35079
20607
17527
44170
25978
7396
5390
10799
3546
41696
47835
40228
35983
29037
24261
38328
24564
34824
6140
7379
48258
44570
12996
35257
38195
15646
38640
19709
4591
2392
42155
15740
36551
43635
24659
30234
20686
42268
38105
34915
22330
6734
21435
32057
17517
7795
32742
30113
15512
33885
4060
17873
12931
42395
12037
47185
2190
9876
12083
23155
39231
10038
14901
30427
40730
40770
2194
32250
15293
48375
28778
39855
29796
20524
25784
39267
11960
46680
41270
11809
33156
29992
26874
38612
21878
47903
21600
37206
43264
38075
49194
25883
24080
6000
13789
23074
8042
29004
5498
14027
21042
29321
15014
21522
42991
36675
13451
690
5941
46251
47707
45041
36726
41462
33233
33777
8401
11117
1524
11548
47084
32589
9500
29567
44947
29242
33515
11780
32704
8527
3861
3137
15155
44029
17973
29887
44228
28166
35893
22506
19960
29257
41
8418
23667
30415
36612
26415
31491
28166
17215
14580
26853
18481
32744
3402
33524
22818
8483
23573
36911
35747
1572
37701
19340
40276
46639
20367
32904
36971
24356
27532
28713
19800
12080
40524
10352
3029
24505
35697
40548
8743
36161
44167
34948
16045
32253
44785
2585
6745
26524
5305
49600
36239
49759
18956
17631
9685
43910
40981
3264
12885
14657
47924
2515
3940
28303
48919
13049
47224
12827
38821
17482
29660
47920
28059
47116
19537
5251
41670
47743
44807
42588
32181
36334
16554
27284
19095
17288
44473
44187
32408
10370
30389
25940
30983
39489
3112
41539
46249
4223
28617
21222
9217
27543
35625
3858
21428
40952
36629
34185
48836
11034
45188
10947
21881
37165
36156
8180
31081
43681
42273
3613
46818
24803
30907
22707
37343
28470
217
9794
16176
45695
19671
36769
18792
48560
42105
23963
25038
41544
17874
21002
36036
3617
45441
14158
10121
41803
41023
5552
7747
41002
45685
17378
12603
32984
47319
8443
45881
32457
40280
5713
16016
10954
5157
15599
20699
4690
29015
4240
10753
13597
9698
40029
40488
17942
11087
10563
47790
26991
14776
5238
35449
33568
46911
43702
42298
12410
26248
12101
11625
13388
8224
35395
22993
20497
43190
9106
2529
8353
47107
49734
25086
17515
41007
22794
37007
5431
24942
45538
46750
26952
4260
8903
7630
42955
13327
8481
41775
19533
19818
12584
49542
20062
37581
13241
33204
13138
5774
41875
20033
1331
17365
42164
12879
22579
325
35887
10308
9593
20891
30258
394
26666
36067
33912
12717
35918
45119
45372
46642
15336
45379
19892
41559
4585
38924
12541
8408
33552
25933
47204
10860
32813
27104
40592
32837
46875
12526
33330
37536
42292
10568
35241
26272
18021
27713
2434
28336
24956
47486
31404
326
43952
10504
7052
33256
25367
27261
18910
18102
46170
43542
47934
29233
36602
12687
25268
29381
24511
23119
22191
2769
45234
5497
31196
46273
11771
49335
34115
43672
45437
27481
23989
41327
12802
6952
35929
19773
18030
11721
9458
29444
21726
10952
31074
27649
43102
28335
5346
43153
26192
28923
5911
29152
37191
38546
7447
19687
43189
37469
27999
47717
29997
36225
32845
46997
10935
2904
40218
35224
40082
47003
28410
46664
29940
7898
1755
28690
42629
45158
36763
41653
7082
19482
37679
29199
3867
17
21661
23405
2725
1934
1208
39295
31877
48570
41166
25869
17126
16970
25709
7897
36690
21541
1259
23902
18666
2421
17149
34281
525
9683
26380
7718
28232
14886
12130
46135
20295
41069
10162
38209
3945
28391
10465
26365
18942
14722
27667
