34075
14849
33453
10988
37581
23511
19182
10087
41420
13972
11031
4431
41011
49530
34353
33409
20378
25504
17192
27719
43754
42440
467
47555
48165
29222
23565
32359
38537
13806
16289
11838
41738
40681
11084
15695
30114
3131
17263
46695
24060
34797
40286
48536
39451
10928
25163
20128
23748
5953
5968
13989
34004
14287
37229
41778
4359
13660
5146
2328
1823
27993
42124
43343
9151
12207
6433
44947
39640
22545
48327
37141
15805
35306
43928
12588
43867
25361
21698
19940
25244
27392
48733
20564
39137
23243
32681
43129
10628
19855
10210
22051
19779
16142
33383
3555
34023
26241
3497
1193
31395
26715
2643
1012
29269
36085
34059
10281
17561
15840
19221
19685
31664
3096
37232
38104
38982
10900
11549
21384
17301
31091
20353
45445
38037
34244
23856
43703
29631
38812
32977
31097
5776
26911
41865
2800
4801
5060
11221
29416
10843
25147
44804
42450
23922
34000
7412
17184
5006
47447
2884
31231
13558
21912
32231
3163
2847
3686
28137
29772
24620
18422
27437
13639
1788
31597
789
26599
33877
26230
37490
30240
41316
6999
4599
21324
15569
3551
44896
22351
12066
13424
40365
4476
19851
43905
1387
29051
17387
21308
28068
38503
7265
30197
900
18259
15351
26773
23837
9115
41172
233
38660
24360
36233
23972
43882
45177
31030
48890
29542
48498
24301
33784
19425
41786
44052
12169
6399
15856
41815
6749
6823
41095
22109
24848
2387
2766
20192
13675
49621
8090
49218
36818
17984
20941
49077
33530
2401
28015
33848
24901
25985
10820
41851
45756
20258
21522
15653
31329
43448
6037
45993
44065
20524
34702
7853
28719
24714
20696
47205
2342
40857
49253
32558
16363
28791
3484
47832
30825
49486
30139
5452
47796
20700
40699
23889
32832
4662
42122
10290
6259
30604
11825
42134
20242
46280
14810
30208
18446
20218
12025
25993
48731
4928
7674
20473
49695
11863
30271
7263
32789
36850
39074
13327
31558
17828
31774
42687
39354
2164
47562
8713
45541
32929
40599
3130
9001
15581
48623
40017
26492
7933
9727
45485
48710
9813
42042
49822
39940
8702
38808
10081
32816
38573
16120
6310
33717
28325
45121
24612
40615
9365
6572
26901
6035
14309
38893
1196
10057
13485
42520
23142
1506
18513
40308
16124
21396
18276
22958
22851
3301
45936
40928
1127
19111
35362
2657
42881
17385
14685
8241
11537
47770
29596
8934
49799
376
5894
39544
8804
28316
39780
4119
38402
46353
19999
29565
24535
46151
43000
17348
27887
45047
22227
1688
41848
14649
2000
21882
19990
36442
28970
26346
29386
14056
41771
44326
36206
45591
15064
49849
46529
24496
46550
18625
23887
17370
48328
49126
30169
2762
36989
33883
12841
30641
3519
15332
19971
16999
40070
40300
44471
6152
12828
40651
23907
39622
19144
2456
8098
1256
14815
46066
22980
35486
3682
9177
18933
24689
25086
8624
4427
28046
45321
13927
43978
49273
6982
32043
29684
39542
6469
44840
15602
7545
11008
25568
36554
1073
21893
8936
30283
48731
19464
30144
5656
17153
7803
8266
6651
37387
20411
7833
30940
42647
1762
37692
34492
5527
23106
31773
41013
39776
27599
36126
39639
3841
40470
37114
14622
32819
15186
42047
18111
30187
10964
27963
26468
35662
22354
23778
12530
25910
15932
12061
29153
44276
36730
21713
34952
47063
13673
28641
8908
38395
42336
4383
22509
23615
42186
35405
17877
12937
34475
39460
12098
14877
35557
27436
41602
15252
28089
28895
7600
26310
6462
23694
9268
33909
30129
15542
40354
20438
27696
45825
15111
32873
24296
27884
21062
49618
39542
29571
49844
21040
36881
14616
24212
35801
37233
41101
33448
31334
47309
23210
43255
18369
12332
9986
2661
12662
42524
49352
9051
25726
19835
41224
19950
21011
12659
30642
25694
27542
48626
6362
21789
44265
9400
20482
27682
39839
47707
5380
39250
26028
29535
34720
24649
2134
15660
14218
48081
21207
24187
30766
31269
36474
39964
10000
114
12581
42500
3045
38736
44233
35519
37567
14752
41460
13199
16574
11047
5047
44032
1137
32450
6235
6695
49420
48734
5334
48682
23098
9732
39256
29089
3197
46726
41883
42233
14494
46342
8362
10289
41319
33183
41855
45676
5138
11490
5484
11341
49341
20355
15037
22304
6675
10538
10949
23566
25384
44692
31807
18815
27125
34109
2013
359
2400
31013
34110
18479
1642
3500
49237
38871
26553
8229
1491
2702
27501
45656
24122
46399
49623
37982
36729
39017
36878
38787
20696
17527
17430
15203
24817
38967
4198
5732
12873
34091
35149
5496
24181
34110
16939
7769
3913
34034
29950
34711
46703
47221
7795
28299
12513
20679
29658
43207
1964
35515
16952
11121
12814
23561
29896
6688
24573
11596
25981
44842
12484
816
49729
5378
20045
19175
49502
25828
19279
30959
6620
3776
46344
47344
39699
30986
36770
33763
34381
6213
9502
22676
15718
45633
49262
42378
26787
17618
23642
30803
37529
27382
41881
35724
14742
7464
6635
10879
7715
37947
6194
32248
49627
5848
29894
9831
21366
39855
49531
49246
45468
26624
7495
6106
47522
35472
43272
6176
39223
42183
30364
45585
59
20344
31164
13147
19524
40514
14666
8684
1531
23064
1729
45437
32567
36223
6274
16034
10962
9899
27314
14582
2459
29904
12314
48162
46485
39753
45737
38323
4680
35020
6766
27323
46377
22402
2448
43000
16890
27678
1040
10675
15980
17578
32810
5689
28381
23563
28178
35162
16915
49759
18771
4742
30834
33859
38669
36490
29567
17043
6217
40494
39714
25111
3860
28208
13270
33713
21758
21677
20488
48722
1989
42295
17935
33541
16945
21372
47527
9420
33286
35713
25551
9963
31969
11576
23383
40007
22491
46780
11775
19082
40903
314
4093
30538
32057
31127
42927
14000
41814
11298
24270
31149
10625
6753
24271
32537
6924
8014
5586
16653
13986
817
37852
9075
5968
36782
38099
38666
34892
15246
10182
16461
18803
29650
5794
22410
49170
46884
14542
22998
43737
13832
20181
33491
20830
17188
19289
26984
3420
45150
2791
48675
1179
35364
43616
2679
1219
14584
3585
18698
5890
41521
34104
41954
17667
46828
10219
9845
26115
29465
5550
30000
16449
36351
11366
31915
22153
7927
40936
26514
47764
21533
7439
14805
3209
19639
36700
23280
47665
47613
30385
40973
45613
38474
36470
8390
44943
29885
37086
36915
20602
32254
16034
4751
38208
14967
6584
8587
11041
40288
22686
41573
32613
46852
20396
9838
1450
25936
9095
37447
44653
25698
3216
43088
25278
42247
44947
31387
1877
3150
5116
31469
25343
21683
12166
44437
28824
36298
27157
26351
3080
31075
37214
19310
29999
38006
10485
9122
25440
33879
12691
16462
46163
1463
46141
31210
22633
49005
14887
29832
29633
35261
24007
11692
27438
12639
33821
45843
28421
14423
1513
35986
38178
8613
29742
26064
36260
18679
30982
38054
30458
28923
28641
806
23436
42433
1630
26570
10182
2321
34390
11010
41171
311
31012
5153
22070
20908
4235
26386
28862
12167
42461
42142
6953
8488
39366
46170
18362
27491
13382
44289
41856
23979
25645
21769
122
12347
32562
49084
7875
7260
5428
3685
22336
23827
44992
22407
27796
43761
19813
10526
12539
30658
35482
39078
26446
46822
13259
40146
40904
41629
2881
33759
31630
22793
8816
40289
38231
6573
14718
32224
45577
37699
43052
25838
18695
38680
18275
38857
15729
21394
16406
18251
43816
7033
45924
28486
7269
36454
49256
39391
46711
19658
37123
9403
11751
23448
17072
49308
26406
49730
39422
31409
6004
27760
44277
3544
48009
12028
38987
35379
10527
3104
31725
39141
24247
3807
24425
13494
46662
4053
28122
26876
5303
30020
36866
14119
9728
41258
18519
40162
42386
27235
39670
47664
31632
29860
42056
44708
15445
12993
18404
3620
2073
3912
17622
38302
30222
36198
11051
21567
12981
9723
46583
1150
2158
25316
6913
49827
37529
47345
20340
5892
27397
16227
12592
30981
1486
19686
24703
13958
40599
40767
48970
10050
11956
6332
18712
18082
25017
24105
7849
6795
35898
45181
37860
29529
15060
38464
8553
23136
12951
43618
26685
8585
32549
19620
49418
31948
15494
8190
14844
28362
30888
23250
5909
10872
11050
49386
30665
35060
3270
36248
19310
21464
25241
6789
5758
31402
1429
48036
42279
18129
931
248
41879
13437
5934
30361
18180
10702
31712
10092
6393
28735
30556
10122
1348
29918
4687
5359
48235
15406
38624
31357
9062
29822
28546
14160
2650
30525
16331
19695
12628
45778
37105
6128
40811
33644
18749
11581
24103
10122
28136
33219
40849
7964
11818
19446
7602
46980
6129
1195
13159
46730
48852
2135
40462
41122
26823
47244
5036
31025
14893
12589
49056
16241
44723
31844
31452
15417
45917
23972
5744
39561
40762
954
16048
1099
11835
5304
32981
8729
30844
30855
37991
37493
39704
39654
10028
12474
29662
11974
48971
45397
31167
41644
49371
48395
21005
32227
28152
10424
25123
25456
12009
33423
12447
25305
6608
39892
16050
2365
24164
10672
12068
18699
17013
9298
33254
22929
28557
49758
31955
27577
26898
43007
12626
29242
49395
45880
15838
37997
61
38357
34160
38270
42536
29860
2018
46093
37035
28690
16113
21275
43476
11300
976
20624
19480
7761
24973
20339
4692
42153
12534
3071
47517
37800
20501
8564
41779
2945
34139
4022
40945
40128
29688
14955
44537
935
43572
4766
13337
11366
48191
28407
6755
31079
21142
2841
26326
15452
31688
12009
26171
38328
22041
48211
36882
45494
18734
16325
7244
34223
40149
29639
33308
11584
27694
28147
13414
46489
16036
27924
40272
46822
2677
25404
25911
49609
7602
48807
30035
30217
32085
7038
10532
36050
31915
47030
42940
13991
33000
24400
35375
23701
35380
9007
24314
37455
42173
16686
43435
42684
46905
30670
4539
44721
6847
47090
45068
1453
17211
33185
26940
35976
31080
29506
33293
40047
16205
9417
17465
26478
47320
40614
1460
41223
5514
47125
42814
32424
18711
1324
18383
27653
35859
47673
6372
20388
6558
42186
38819
40322
3404
20760
9902
28287
10350
48315
5387
16291
31703
44891
15269
4334
24959
11226
45652
21792
3743
45256
28189
46223
43286
20540
39470
48202
1934
10665
40084
9947
13471
15978
16842
47724
15445
39802
20426
25994
42113
19400
18475
42143
29899
25042
33587
23138
23307
26589
34791
25189
43457
36045
39673
8853
11972
32767
9210
34052
24987
2633
7034
20615
44912
5801
43833
10983
38682
32562
40547
28056
16694
32399
25714
18916
21468
37319
29353
874
22444
48704
33960
28603
3993
44434
34905
36638
16251
4720
16366
16111
121
3062
27519
18854
26074
31268
3018
8507
19898
40820
17548
25638
5715
48462
27609
13283
8760
34920
9638
26839
1899
20737
46886
19788
22307
28067
28969
8193
26452
17138
264
36099
36388
32269
30896
39864
34849
8126
37756
44238
26252
38780
22052
36992
49679
13750
26304
15325
17634
11026
29780
42554
34284
46229
25671
20013
27516
37088
45037
24625
22774
2424
22570
16192
38659
3776
19039
41324
21789
2835
547
43555
6330
10604
42153
46600
7792
6648
8377
8424
20703
25514
28486
29370
46316
30093
9978
3336
48577
30044
43334
6663
39248
19902
18430
16812
16773
45987
20816
22095
30120
11400
13105
532
28385
18892
4520
1106
15157
4279
25853
41968
39704
36846
27021
22482
24326
22283
32355
46696
1019
9171
31080
38798
30877
23574
28486
5472
38452
41504
46504
48969
23870
44913
30653
17477
13278
808
44327
32911
42621
6141
22740
29738
29690
32214
41961
838
20151
20049
22195
39105
20209
14973
47563
37574
17522
39886
652
25524
22301
29341
26824
44162
49046
6341
43886
49023
48815
25348
22365
6557
43790
39818
12969
47881
8344
29862
32244
3447
31315
19676
36441
18468
40693
10416
30195
29680
21166
48602
18554
388
24562
4569
34910
18073
33747
41037
31940
48086
41382
21856
7988
43775
31292
48248
671
41574
47922
23282
39581
25803
25192
3402
5938
40900
38049
988
12080
17984
25710
26885
30544
47272
6359
44684
6709
12773
34102
44494
9439
26983
12780
2682
42223
23519
13615
34639
34840
31277
4908
33767
6763
18287
14053
8817
13908
30877
21025
44374
34588
13785
4565
46479
41571
26381
4300
49388
27302
23768
2149
27825
14947
6617
7755
7088
10337
14865
7989
5946
3151
1069
49500
18650
45732
31685
699
17448
4897
37278
2188
49221
7434
10192
6965
34112
49232
16616
48567
20890
15667
22892
6950
29865
23307
4221
12725
12689
33939
41292
17047
11216
27152
26983
36018
20894
6946
25306
1581
32232
45027
26654
39055
13488
751
32331
15284
8394
42674
12952
40767
10825
28550
15867
10640
7225
8963
2773
49006
18153
6563
10845
28328
868
9410
3415
32727
27569
18707
41394
30909
40144
39327
36612
27146
39103
34681
18083
37665
39516
28673
20522
32454
7704
46791
24399
47713
11363
40583
12167
37843
40230
25382
8459
37155
11654
22450
6332
26595
3687
40577
12345
25034
11551
40768
18603
43295
28813
40352
49027
38654
19487
40769
20362
20842
20763
49956
26338
32641
6392
33078
45044
45318
35242
32387
49970
6158
5555
29416
8769
23661
30706
17578
48026
24624
3899
22771
24825
4712
26317
36383
32136
1959
41329
19188
25483
11167
41556
37215
43786
6923
44123
17093
18406
3283
14702
26123
41899
24771
14155
19954
18302
21137
4418
37852
18694
34330
25523
16834
34551
20878
35409
32167
48683
47195
12233
33399
1183
29233
38144
39735
48844
15485
26634
29705
35861
36764
22587
31862
16713
14982
27348
1208
14625
1721
17286
14528
18010
36020
11220
10420
34150
15417
45200
40275
6069
42568
19276
42476
3300
25039
3624
9110
34324
48089
32474
42816
39264
6787
42954
2959
36654
47648
17330
4028
15503
43245
3368
14637
32263
16718
10101
36566
26942
9974
11957
23065
28091
15146
45072
34284
20099
12760
1056
34521
19108
40916
30397
25521
4800
34081
22397
37023
23056
17861
30324
30497
49221
36737
41096
42035
8890
43714
19231
13149
46751
41883
42802
23976
27928
2846
37028
16270
32104
21012
25531
48720
11056
29337
17337
11185
30836
37195
27054
46686
44628
21284
13579
24086
49019
33608
18640
43981
41797
23569
26356
45084
34280
43850
32845
17051
18550
34839
22291
35090
42563
47495
46653
6347
48160
37459
13100
28290
4246
18499
40050
38787
37620
49141
19707
10900
10411
4464
728
21705
12379
18894
4801
45376
10799
40405
41379
37946
27054
33462
46516
13826
35445
16496
37322
30866
40860
2885
49500
29607
38273
34791
4101
37532
11558
24574
30301
2968
34295
13232
44239
25262
47345
2225
20659
22291
44432
26585
31093
45952
29436
24331
15749
15857
21094
47166
20166
27451
45801
30816
26826
14918
9097
42403
27936
3303
7059
34249
10092
26829
42565
36922
8876
1344
5643
20877
35757
25793
33986
6980
26158
40910
2068
17970
44083
28491
9400
5489
30061
37877
17348
3586
10529
31861
46914
33300
693
25217
19021
40733
46367
3548
32679
24107
16589
35996
5578
15887
22909
6909
5564
16
23731
48348
4224
36865
5470
7283
3627
9588
37907
27356
17145
16331
32460
4357
2328
19070
4140
6147
42090
11327
23154
24237
15351
48013
6087
47091
7647
11537
36537
2332
42705
2595
933
19104
3917
33199
21088
19893
15361
5943
46891
20793
28027
18099
32325
5119
1265
16535
15846
31086
11300
9656
20041
402
27408
22754
39304
31297
43954
29169
29600
15981
43141
19965
31632
23765
17766
19018
4064
20843
46919
8552
32981
24177
39790
29089
16474
2568
37987
30229
43196
11977
35186
34521
12784
39599
7539
23767
23151
7610
17148
24776
38676
5584
32460
26166
18918
8402
37788
903
9964
38601
34266
32380
32350
1801
48899
16528
31337
15631
36437
43899
8955
31886
3885
15125
21942
36317
28045
1192
39615
41977
49140
17887
12152
22618
10776
13093
30980
45112
2016
39854
30816
974
14804
378
25202
15199
33257
46683
29767
8931
10270
35490
44267
12432
33300
32325
29287
27562
5464
11250
4956
5702
8936
27235
26771
24277
46738
9526
42057
20468
42443
22072
8727
35625
15266
23563
6928
28533
4719
42307
2035
12870
30630
40529
46010
37982
40646
40885
19868
869
43781
3370
26641
10705
24270
21105
6885
45192
47118
22804
47009
38961
9795
35770
19612
8898
11282
29095
16283
41688
43061
19417
44350
4304
29810
40015
5389
5278
35867
3960
28025
27
20347
15715
32978
39198
35125
1071
22470
28391
31140
3649
14967
14370
2223
45075
26530
3568
10254
14603
3074
10010
14097
23120
24010
1503
15858
19093
24269
37239
45437
14750
45266
26822
34159
29648
40902
210
1274
14225
43041
35188
10204
19818
42179
45295
17626
49757
12723
44499
5888
16495
10274
5564
3246
49156
25686
47320
9253
37442
42163
19007
34028
11221
29907
43694
54
32609
39033
46493
28299
11574
20334
1536
2139
13540
31153
49843
9895
26059
18270
16430
2849
41736
39256
10828
46052
14496
25143
5632
1144
244
34958
20545
15957
17366
951
32007
25469
16525
46107
16137
21036
14741
13070
26494
24251
17767
35998
17482
35795
45934
45837
43455
13074
13610
25243
34713
24160
40249
22880
39570
43252
40859
21093
19091
4916
14758
30542
2249
9712
31429
14474
10115
22500
6438
14923
30564
44305
5183
23452
19006
48352
14607
10448
37259
19010
4336
29877
47210
48626
47434
32819
30673
26339
47708
41660
34776
29065
6626
37666
5627
8792
27816
35565
5158
2621
48428
20338
42947
27301
40667
20308
25121
44688
49323
14741
2814
1082
47666
27012
36367
44896
24670
37312
38388
43532
42225
48981
2279
45005
26023
7020
44405
30172
24417
10634
5764
13274
43479
43557
48051
35978
22904
46739
22512
10363
10436
11865
24456
6526
39372
49224
24295
42127
15092
9986
11097
25219
31842
15906
32240
10738
36532
42116
7029
5882
47684
26658
14518
16527
48187
9516
24738
4722
1824
15810
24729
41555
33273
20447
47815
28229
33671
30740
38505
17358
6033
2723
48118
22600
30041
46165
42743
40481
30250
13768
42393
25329
37123
17725
42583
15364
29806
20317
38409
33187
29823
45485
34771
20166
38945
13393
19724
12135
30748
11088
15676
40838
27309
49466
9006
39408
45026
22462
13530
24881
44914
9821
41912
3907
5320
41168
254
10825
47340
47799
8845
43744
34594
7039
41873
43339
42735
42779
576
4466
17649
41561
13939
35799
32054
4362
23831
18694
8878
5612
43284
40486
28303
43039
104
3875
37210
39188
22307
19047
9641
31483
13864
38419
49135
9352
13605
16522
41422
18368
44272
4101
13041
13015
31004
3178
16994
37129
31571
21366
31712
41628
43463
20396
35588
36849
27602
1644
37665
19441
29831
901
48175
21787
9144
16466
14393
29201
25360
16942
18394
2007
20812
24979
41943
46063
18017
37399
14645
48965
35471
42800
6943
23053
18180
24802
19754
46854
15073
23327
24700
43487
39624
1532
43387
23248
30671
18040
30645
21053
8563
11012
17088
5657
72
49846
34539
32419
45026
40098
48358
12688
9915
31818
13923
21018
24248
19484
9169
35779
49555
13909
47600
34219
47273
32293
22142
28801
39941
11491
19757
19643
33073
21959
13034
48915
41023
