16296
3537
23902
43616
1533
22246
26109
19167
34869
36445
20122
47737
13574
28158
20267
23901
28375
18391
27339
37213
8585
29039
30506
6801
21301
3137
29453
39337
24526
14085
25336
37642
11057
40611
7760
33517
44672
13561
494
40198
24057
11136
12042
24227
35328
14051
711
6966
48900
548
33726
28651
9160
6438
20480
30626
43045
98
37473
48348
31769
14685
25399
37940
28880
25562
27396
47592
6731
34613
41846
41345
31920
1428
26957
5026
8951
30163
5787
35805
6477
33511
3611
6824
48131
818
705
36867
11473
27626
47751
38716
40077
21191
34535
22827
32858
9657
31563
42659
20991
32687
13057
26632
9672
19560
3241
33952
43998
15072
3092
2251
24491
38771
41337
27151
31866
27582
19702
5345
1569
9558
22046
28292
6248
30431
42796
11938
868
19457
39746
32697
7673
15759
32897
47248
42175
10068
49391
41116
12359
24790
18199
1461
46654
31943
44479
18904
46505
46054
3409
13466
42627
15077
24560
23571
28523
7439
22477
10742
36212
30481
457
47946
26744
46034
16868
39805
24810
26715
28979
15611
25064
36323
40667
30331
47502
17295
25134
37691
47943
40054
1378
41265
42494
28762
23292
30929
47483
31293
298
28308
2826
36712
22744
5096
35286
28696
8972
6514
1475
18973
19224
46628
48082
26123
29834
49973
3315
16146
43496
37279
41211
11526
35371
5277
27998
38439
5102
34936
7971
44341
43018
38635
38720
5832
32457
41260
26512
37938
11346
2639
49311
32787
48958
13294
4411
31396
17854
35177
21918
20079
23410
27257
36977
3719
10438
46275
3139
34958
2969
27237
1768
45693
43150
15972
3580
30297
21919
19659
44582
14810
4823
3096
1169
43270
631
22709
18348
39513
15729
11353
39308
20598
17406
20243
41055
20404
32597
45855
47890
16964
7171
28091
1092
24279
8505
33900
1419
43948
33948
5471
30040
35343
43951
15702
37158
48485
37466
26521
29060
6045
24000
22055
21949
43403
3723
24523
21039
21456
15614
10695
46521
33183
49263
28680
43052
32992
22062
5424
10773
28052
36100
36796
17646
40899
16351
37390
31986
8969
5295
49498
36730
31722
22002
3175
2900
33538
42407
16649
32536
11266
10364
34623
10760
30728
35965
16487
28326
49194
24844
9196
46357
15877
46256
12599
15853
38785
46717
13464
40553
31327
15921
36031
27593
14827
42596
45120
9819
37721
30396
6262
2322
42908
7299
9199
49465
14301
49452
24644
3780
32701
3125
1376
15465
27112
28228
38544
14260
27890
44970
16411
15941
3979
28567
42644
42174
5088
5269
38278
3381
43964
15684
43663
11503
2359
38104
12093
8737
13615
20964
23931
2933
13732
5046
39212
15423
4014
1502
27026
9916
28607
28846
14982
26263
14178
36259
34624
8601
46815
34703
42641
35200
49183
13670
16427
45199
2056
39846
30166
12747
39314
602
5759
40554
28343
5165
30655
25793
33792
1817
25293
41392
20764
31034
49007
19898
46972
43886
31870
22301
40555
40915
4528
21539
26679
12385
25955
32637
23709
19328
24164
28196
17329
40857
28005
4500
13627
34607
45692
38427
13129
9074
16953
32132
35834
40354
4070
3400
48442
46992
16251
4607
19555
5066
47477
47126
12014
43703
42466
10153
34259
49122
37701
39096
4310
39125
38030
21879
23781
29354
44135
35475
11725
42069
18578
30932
3968
17889
42944
24178
31492
9652
10585
14129
42566
33230
49616
4977
35576
46639
10143
31007
24481
13813
18062
8983
4889
17336
48945
26683
5957
31341
34298
28633
35404
1377
30503
8516
35097
47150
49677
36061
32096
39884
23344
7230
40860
12652
26016
42914
12920
3022
27497
49132
23938
1716
31294
13042
857
41393
26058
10320
20374
3475
18342
13360
21231
15239
14707
5463
25061
48597
10228
49424
48521
30136
4352
37479
4975
29557
30520
8881
15798
38643
10897
28460
11987
46816
12516
21481
1336
29915
46775
31016
13820
37872
46125
23730
48162
3815
34289
24588
49007
41990
25955
34411
26783
5911
39621
21200
19272
19246
48751
16768
13772
37216
47125
39992
38114
28980
10525
35810
1670
13388
44082
19940
9800
28021
14290
22441
24360
19840
37047
39507
29810
40102
33873
35310
47095
2264
47599
9005
19235
34140
11606
7832
36918
32577
41879
21668
48948
14770
604
9350
33522
29418
26679
48364
23287
24560
1479
31875
39004
20430
49620
37041
37373
32859
12944
44424
5547
12246
24123
39416
19967
44110
22313
42215
35713
7299
21118
24949
7590
33150
32038
21676
47093
28006
39085
45777
11319
3967
28577
42904
31172
46112
43357
35403
49136
19841
3538
4102
20164
39817
15396
38884
44029
35574
20985
26477
48196
39777
31540
1823
26009
44995
23635
6482
14331
29911
29225
35418
18389
25087
14685
18960
46628
17190
40553
34042
5280
3413
9732
15060
13021
31104
3491
10272
4500
35461
26546
37205
18536
20496
47122
41307
26985
14484
40746
36563
14269
31225
25149
17567
27892
48565
12325
20433
47868
13937
11578
24441
14518
33414
1986
5868
22107
6919
49651
31559
36342
37142
38523
31651
42064
30573
1372
49581
2090
7291
90
19638
42555
41875
16054
29852
21158
13300
7565
14749
42885
44325
30412
30394
8807
48674
45245
41711
13668
47039
36322
26007
20218
11837
245
26847
8501
42702
19245
37026
19426
37474
49689
14085
13721
12900
29647
45719
46745
30020
49380
9969
36374
45591
20054
12438
14633
24298
820
42142
27494
25740
21193
22327
4596
34783
45288
6136
29073
14155
1395
21266
10405
47554
29803
28912
23823
21054
49994
23320
16520
14882
27946
30459
13482
3119
26537
44343
49807
5168
34505
16886
18472
25685
12353
26730
20312
13881
41532
34600
10804
19184
11261
17946
49877
21295
41959
10651
45221
29420
11513
28749
5591
43383
44948
20308
49170
46769
20025
34581
24058
21814
24057
47836
32100
3075
12873
11573
23225
29907
38666
24284
28497
3299
34708
7103
12116
19065
9604
7067
43367
44715
47249
115
49236
14498
6235
14385
26741
41138
46903
29438
21521
26515
13326
29533
2868
7751
13098
45679
26118
18594
10093
18924
43899
3523
2093
46854
29729
42711
46
48613
10881
11221
6925
15750
3288
11727
91
44564
2173
9640
16363
34507
13622
37343
26343
1597
12173
48157
24743
41267
28907
28079
24906
45481
42761
7540
43487
30717
18848
49610
27402
13094
10864
44001
8024
46864
38696
27575
34035
49783
30809
19531
41172
14636
36859
268
47258
30051
13737
41063
24339
9541
877
44830
14247
4365
2066
11817
42531
7209
40232
36629
21060
41062
34304
15742
31075
524
12364
1942
21068
11671
43071
30560
16146
18634
1993
21987
30436
24219
28140
35933
20457
15899
21842
18332
734
20068
4952
45207
46832
40889
48
9465
14524
48244
26299
20094
47989
10884
15756
3736
4218
23801
2714
24758
801
49457
13915
3813
20001
32298
20846
37863
473
17206
31730
34047
3087
41097
43227
35139
47207
15506
26979
42098
46590
45080
7190
31222
33960
23951
46578
32804
13537
13130
37508
32843
39701
15542
19737
36694
12332
25707
23773
11574
25543
45469
18882
38342
49606
19506
33553
36088
43259
21141
28391
48217
26502
26704
38098
39858
6032
13583
44431
28885
39029
38653
35468
5582
37002
27605
17548
14298
32233
38701
26530
37152
16894
193
10383
45695
10456
9923
14828
40025
24608
24898
36645
12964
822
46637
45181
42969
18640
28228
36738
30681
11584
8230
30508
17960
9083
20212
4009
26415
44628
37185
24007
43654
44523
20127
47909
37253
46209
15190
32644
29958
15047
4379
40851
43048
11907
7714
48897
5720
9213
5107
1842
18544
33870
43856
6831
38502
33959
48608
1800
7631
29931
49174
14436
14672
30634
21103
28403
18277
7182
28101
11341
11235
5755
38076
38575
577
7086
33537
24371
40857
30538
25730
5173
4092
49027
43886
16164
1611
45809
36906
49303
13125
5561
47860
10198
45155
35267
49458
17464
7344
3230
32527
340
46555
34435
39396
27198
48863
26637
46544
7179
3993
6603
8049
33399
6634
15713
34106
20112
4648
40073
1543
24366
42321
6907
2720
2306
42571
13058
11145
27573
34429
21150
14458
3851
42143
10918
33776
37610
47940
12681
37221
3645
28688
45393
6953
11239
26519
28358
49757
35766
48437
42848
16498
9055
20485
38867
232
7837
30352
39414
47230
11627
30351
22140
26041
39092
3609
7874
12421
27767
13066
12859
16519
23137
25265
11360
11997
22649
25510
39565
38410
9632
15313
31280
39979
19324
34562
32611
26249
4025
42478
43998
14889
48901
18684
40043
2115
37464
20596
41594
19556
32379
42117
12338
42413
14888
18396
38862
25879
18893
33865
11729
14991
30994
24584
38442
32861
22476
6763
22923
40350
12319
22522
7241
27574
5942
49045
26673
20148
4032
16908
1910
9898
5466
32589
29790
46686
30011
29230
21257
7137
33166
37850
3788
44061
4425
8545
15606
32197
45105
45784
11582
12880
19098
38258
14151
37888
43070
32855
44716
3085
30580
19811
30727
8819
25437
21679
42718
18823
31636
29303
11176
7406
39510
43963
17002
43437
18128
22307
8803
36694
13468
29395
20505
19938
26148
10316
4167
32831
22408
47051
43916
14573
29762
38432
41144
150
10040
35170
22534
30547
33455
1768
30457
12299
41689
23583
33265
36276
10802
34776
33178
39842
26914
47636
21343
47871
34597
9602
9106
48342
45542
43492
5031
1316
22817
3923
4372
23077
10843
32812
42589
44084
16171
19027
23240
229
19146
7737
1842
23497
18355
42842
11638
38815
10558
17803
37823
42933
15008
35773
12733
19634
8692
13518
10673
1212
12202
49522
47423
3063
10173
2884
36373
430
36169
33072
10143
21871
40123
21879
25028
38666
42550
33722
47481
11233
21202
49430
11757
39607
48142
20868
12249
805
37515
27377
46728
24187
17375
35388
15425
2476
17797
6471
1034
45569
48282
16235
34584
30562
21258
25009
23056
49828
15484
40717
21937
3884
38902
44860
4591
24521
8272
34198
12000
20251
6420
36240
14660
20054
48686
26113
30883
41435
4055
27318
48899
49505
44178
14639
27192
339
35164
34582
30910
12980
43399
39713
35271
26517
31994
46630
6221
2430
6552
48586
11692
8557
37521
5464
37172
8441
48654
37432
18588
14967
1934
47984
43703
13220
18655
38258
2766
1314
667
2566
30789
46905
9137
43308
26007
23590
40739
36411
2752
47778
48165
15275
6630
35578
37301
43436
27976
15950
29907
28198
36051
44175
22192
35800
44407
2466
14346
47693
44508
39291
7214
11293
36678
16065
47521
45279
41125
18085
21659
14796
11117
44530
45315
33187
39869
40214
49093
2086
12318
5188
25135
11552
40797
9925
38444
4102
37938
1463
41129
43538
28228
19720
22975
13055
14569
27418
2780
22264
30153
47084
43473
15625
6652
18992
43983
13037
46189
22569
44305
46363
47795
34426
46506
28364
49386
14140
10865
26878
39123
34852
44160
13071
20000
32280
3096
33101
1593
39515
45094
16597
4057
12019
43729
44767
33512
43887
17146
43208
34175
5397
42249
25193
49150
5938
36887
19664
16286
20416
20271
42501
9330
28745
26401
35937
13798
13016
48636
39760
13996
15328
26599
12558
14813
40864
37034
13029
21866
24825
37752
6884
522
37736
28299
41192
13334
18352
44326
31558
8680
38239
4636
3451
39104
36822
22963
30152
29796
34506
5069
4583
33829
43740
9301
20367
15778
35211
30779
43517
47510
26045
35160
7331
29251
31639
37868
9060
9162
14099
44744
31910
23516
40727
31546
25742
19726
49139
43768
20898
12234
22564
42269
36001
24886
4777
5842
47202
145
26104
22270
3958
15272
33918
1539
8252
6154
41080
35517
2134
6643
10661
37896
46721
40900
18574
30518
10940
2160
25577
47813
23041
47540
38185
33655
13615
33745
43899
15593
5757
23398
33918
20345
12430
31642
46952
21119
45077
14933
16557
46076
28021
47481
4521
18123
1896
10136
1524
25062
4071
14101
5593
48539
6044
12838
29631
43425
2392
20067
46437
20392
30018
16654
38038
34599
31881
17173
20551
33420
38536
4975
32683
4296
39200
39274
37713
8786
13460
38090
2237
26780
44324
38849
42629
8223
19395
1107
18944
9740
27081
15599
4080
31998
34991
47790
33563
29500
38049
42127
7456
5521
38756
48234
21259
46913
12078
13262
38080
34291
4401
10216
30884
19625
9065
15061
14822
36872
44039
16107
12814
15804
20158
48620
5919
19405
10240
40481
13799
29102
2765
8278
13565
14897
38655
33735
10345
9451
45038
6785
34916
25994
46564
41508
42751
40202
26215
4718
49738
29130
40514
24782
10669
40903
40587
7717
33329
34672
38181
13400
14202
23869
665
33766
29227
22128
853
1189
6013
35628
37740
1901
24931
35890
7932
9109
16159
17423
23553
36207
43462
33289
36899
29424
33917
1520
15092
36973
24023
7996
21783
37938
48091
14276
31283
44715
19512
29748
27270
26024
19483
35105
32997
38689
30591
37395
16397
14835
16579
48596
33586
41181
45872
31724
23066
43095
29014
23421
14059
10912
46333
1914
24223
12898
27223
42717
34756
9290
29352
38370
6070
3143
30560
43239
36724
45328
8792
37104
18308
30376
8096
44476
44946
553
16872
25820
28338
42227
8682
10221
40358
34442
38453
34754
17955
43885
41131
27024
35694
48718
34869
25158
47054
28879
30455
42972
33449
49263
38092
236
30106
21408
27650
21360
32748
7663
49835
36524
25664
22485
29751
32306
48573
38554
49341
19611
22327
26894
10719
14255
41285
40762
9568
9973
22032
8290
9482
15337
101
17938
20090
47674
31528
1160
13014
21716
41865
3378
11775
9402
38382
8398
5957
13251
37762
18029
16958
32148
47416
49373
37829
26511
27147
23542
22905
20467
12819
4249
48561
8483
41959
44409
32766
6078
31708
20325
33970
8487
39585
12377
20944
1303
4308
5643
11566
25991
24637
38285
27958
41760
39206
42296
25874
44025
21029
35425
40947
31048
28023
44866
5604
2332
20490
23158
37353
35981
10858
32203
36816
4914
24372
17345
11360
15134
45620
37921
5134
39673
43453
31057
12546
17342
5396
36918
42219
49463
24249
30844
18984
8196
24267
25915
45079
15157
19319
2751
21185
10790
37012
14391
12262
37829
821
48174
14549
259
5660
3078
48317
40080
32730
18789
26161
49617
1123
38519
2645
10518
17181
47002
39837
22236
12177
2387
32676
18570
36112
6299
33457
22747
9386
26316
43665
29678
46890
12262
25030
20181
35119
9591
11814
33729
12484
24674
338
5482
39952
4844
16749
36502
16285
18902
20730
49494
47625
44252
16753
38047
12602
31994
14395
33398
29988
42508
24458
37609
37758
39823
36207
15654
38773
26946
1937
25536
48285
31609
27189
8503
7363
48935
12849
26442
11983
21847
19044
47287
20532
7940
21673
49076
33083
27817
6706
27623
24227
12109
33504
21086
32148
93
33404
3113
37571
38751
48741
20561
25025
6586
29069
7831
46288
39258
36604
8161
20879
19691
30038
8677
8713
26242
47130
4610
15298
36731
33847
2579
7801
44128
19053
3374
34456
22946
30711
30278
25282
3337
30776
12121
5322
41013
39465
37066
35581
24200
32337
31660
9225
6540
27065
34705
27110
6522
36764
21965
5961
22456
30784
46397
18565
18949
37424
5160
46982
44615
21362
24517
46905
40510
31580
17375
10421
22458
18051
41347
33111
11291
28895
31115
13717
24411
3337
35365
24049
23943
32557
47829
18682
25302
14960
48599
30882
28750
14092
24214
34146
21609
9150
15378
4626
25789
29615
9888
25133
12720
37583
47584
48991
13392
27390
7146
44171
24343
29585
1240
36675
7028
21929
22091
46738
49620
42751
47066
9359
47395
8489
48816
3399
19740
39543
22250
42944
37387
2937
15658
16695
41349
48565
43318
6847
22980
7293
37294
19703
26859
6895
25110
7233
7604
27013
47405
44833
23889
29540
33318
17453
13254
28820
42814
48127
40556
38450
47035
3935
10676
27909
2927
9623
43860
38134
8326
44798
17232
23788
28013
22974
25891
15204
23013
18117
36497
33421
33157
15501
19014
19076
20961
49484
7460
6998
34642
24266
46270
17697
38326
25503
39015
15043
5650
11721
27015
20930
31445
24701
47597
27707
20422
32582
18649
6989
22261
47359
47423
7999
22779
4912
49883
32442
25629
27103
45114
29979
21574
18684
9301
38136
13793
9754
1233
43092
43949
36480
24596
7187
17355
27888
19747
9708
27995
49088
2350
46620
19120
301
29199
2876
8264
39515
4316
331
48508
48952
25736
28018
40734
10880
23111
42681
47683
17360
9895
33475
21846
45820
3643
5996
38171
15572
42039
9624
24817
16201
3296
15104
26864
14889
6773
34683
31214
42278
6283
40896
1149
38813
6237
36346
32957
27468
34455
6561
22930
8638
22425
12334
34738
3028
48391
46212
28191
39563
40963
21285
1957
29185
16410
43478
26460
32562
23972
26685
28514
3578
5510
41137
37057
29935
23562
23342
2183
18755
7130
38306
45171
41446
35796
26737
47783
42832
20252
18708
37265
16619
40861
5086
28634
7633
17529
5211
7643
29962
7459
482
33720
7266
18352
41264
27772
27632
2653
15539
45312
8922
7125
4370
18183
8371
18489
42126
4231
37894
13525
6478
13511
21137
5278
22626
30475
3276
11738
20247
3028
9840
10216
12606
33674
12410
29064
4562
49943
31484
34251
12522
30806
41685
11878
43845
37612
10520
25014
6685
31241
22814
32928
29705
8456
37266
11758
36523
12976
41332
5477
5260
19001
45374
19235
27905
23439
43399
41327
14667
22261
26201
25268
1855
40327
45365
15341
44040
19531
48247
34903
20356
8667
41157
40268
18060
24314
5963
44666
34462
42458
46910
27477
41953
12853
7086
8732
48420
44065
28315
30571
34943
31012
44875
38159
1122
36738
17846
16740
43367
44095
14456
47665
11202
28915
29806
22926
31974
27309
38869
42693
19441
11627
12355
20282
24556
36887
14388
35170
4644
31466
9478
13572
44246
8687
14728
49667
15966
1540
46920
14749
3644
7417
37817
11811
2589
16577
23123
42092
44137
20121
46328
43136
30655
3020
1824
47593
42377
22383
37898
14012
16062
4529
39461
31619
26204
40590
14610
32600
25257
8262
548
25756
4348
24734
29611
20444
28126
48731
44439
18806
29565
19769
46031
47894
16753
23258
24431
17986
8560
23113
47612
41464
27906
45138
15281
44580
10486
28732
49013
16546
36469
8899
39685
7545
42470
2419
46450
39909
43829
48823
37562
2945
43511
14836
15591
26636
361
15999
27615
25477
16480
39129
41621
11776
33167
13228
27838
11924
7980
26301
37054
14228
23557
23297
13835
30476
37312
20860
6633
2825
14631
40814
21797
34229
23932
18527
22559
24676
27957
38276
9067
19243
6154
37309
27109
39110
17614
40956
6955
11238
41571
43227
30729
44813
32875
10777
49367
20064
18504
6387
22381
20365
15123
47098
30596
8562
8395
13855
24962
8022
4632
42142
45692
19992
31694
47951
48881
24969
7097
11898
17853
26712
33616
22332
15161
15450
7783
45730
23748
44875
27537
43878
26108
45117
34446
23303
17322
43799
42546
18070
49280
19532
379
514
3922
46299
1556
28347
6371
20612
47434
25767
3228
9119
9219
49353
28535
9347
47265
18030
2761
48212
17347
25206
18979
37200
48606
33654
7431
16841
23232
6219
12352
49856
28482
24511
18069
9978
27256
42796
25589
24396
30197
48152
20373
41949
49812
47364
23601
9702
44896
17210
37017
42117
11195
5367
23078
30961
43738
39818
11377
10761
2354
7145
27108
21664
31643
34588
25622
8623
31071
12797
18538
8145
27674
36188
6883
5652
45533
48679
35064
39769
23572
9500
27874
45163
32994
40236
36688
44318
47208
13307
30737
42856
35989
35221
19249
22673
3986
13571
31199
40393
38800
19885
1782
41210
3520
2439
35025
38426
21310
20335
9769
45166
34591
16773
32423
32565
37356
39428
2785
5689
8639
18776
25055
26136
14466
27509
27744
1963
24017
3888
824
39364
48515
12641
5667
40376
23013
499
21282
4720
8531
4265
21541
42316
22735
32986
42108
30083
30255
775
16810
13975
39799
40068
37894
2128
27073
24072
46065
48084
16048
26101
44467
29918
14183
22755
8712
11058
18776
40238
7548
30481
43635
31256
32837
46345
24855
48930
46197
20239
34037
19495
28489
32117
10812
17558
8037
26320
1333
43099
27055
654
43787
44830
45925
41097
2066
1244
13645
47330
39103
14151
28331
42914
29299
12396
14459
41716
8893
652
39086
15727
21828
5593
39324
27515
44603
45243
5866
2537
47122
16194
15720
46942
21795
16578
34135
47408
21582
1946
44397
46665
38963
42728
45380
13187
44901
4289
31254
31287
38991
33608
49672
4737
36696
30165
517
5612
21896
21729
34703
39127
8340
21668
45672
42362
12295
14753
1848
5781
16175
20355
21967
27097
9999
38364
11915
14246
40825
9184
33704
22745
7631
33080
10332
24071
40820
28905
23581
33946
23837
4570
11538
44502
42829
34390
35878
25540
13252
16390
45529
9385
28621
43535
17616
18683
16
11675
41510
17780
18235
38261
4891
29646
1287
4329
8591
10584
28190
4728
4173
26377
25565
5697
35094
44481
26855
31066
22265
33869
5218
42663
13230
3588
48738
39380
34949
30803
27847
5947
49157
26494
35257
42817
26135
19423
2276
8392
4993
7000
21529
21601
36224
36963
33817
29609
47104
12389
44220
7845
32237
30680
26634
24911
36476
49588
26962
12336
33139
27766
28129
600
43780
18937
16678
36236
19243
36614
17740
38047
7056
49257
26358
16691
31889
24621
2068
9038
7515
30557
3148
37374
11045
36075
6904
4240
20115
9782
42697
46293
48201
29226
27635
12978
30148
12622
12419
49841
3
32653
35235
49400
25428
45446
41659
20711
31782
33833
33314
7790
6499
31579
11194
21182
47466
22576
41719
49233
36404
40387
38543
26727
16041
9327
18526
36169
25023
26915
6333
49734
14687
14485
21426
19838
16936
28845
44688
40192
11444
16347
36995
16857
3201
41175
48134
8091
24734
34645
46357
22073
23850
10038
46503
26601
49941
34457
39767
11334
2915
27020
20583
17315
45227
2929
11204
15821
9828
9976
43000
10748
40891
45512
3350
44298
1285
16796
20286
1576
7993
23015
1243
18128
26476
15010
16258
11941
40027
42318
5457
39265
9267
11321
40544
28000
10171
13081
39917
6228
8514
15549
43203
9058
44602
1413
48913
29205
32021
21849
22385
9752
35776
35892
38264
44369
48458
40617
49227
20753
7166
3217
41313
13670
3247
22
15085
36202
24724
38068
5404
38737
41095
23221
7145
26265
10381
39036
12455
18621
16780
25463
24515
34301
39439
45165
33163
38269
11983
22455
3897
8411
15041
9870
21280
26675
31777
3350
16755
45725
19371
31423
755
6380
12994
26853
41812
29882
48638
16634
48641
15348
10445
47472
43182
38226
38997
13504
8881
11697
30460
597
37726
13205
44073
45223
9095
42850
22562
11253
18789
9817
11179
49220
16277
9108
29976
30574
12870
20100
1599
17735
6163
46129
41253
39531
14052
9948
13717
28437
14170
5518
42383
244
23533
41547
16103
48987
49965
1857
5158
6262
37386
12419
20887
4648
38771
25736
33660
46742
12114
48005
28480
36530
19570
26284
44347
17863
15821
9437
16122
8137
20568
22383
29728
31935
18448
49936
18128
42999
14024
6622
44634
10640
7812
47110
38472
18508
10433
8523
23435
49321
25154
9033
34206
39920
8968
31938
2350
8735
5354
23475
13953
14586
47837
10629
43797
35207
31755
16787
26800
4287
2667
16733
33095
37515
12988
23021
4701
49181
14856
37094
34464
41751
20034
20692
37919
33334
7244
42106
6265
15761
27364
46555
28733
10840
37567
35961
32610
1404
17695
14213
44778
17150
40693
7150
46964
5071
41683
21633
4956
45118
2450
41822
21284
2630
19055
25529
24395
12807
14325
35174
15981
12728
32143
14517
8688
39475
5238
30842
25742
13347
7558
46276
21837
30380
37725
2351
25956
49345
3422
44378
8864
9768
33379
20548
8097
36285
47941
5993
2272
34638
33189
41422
21914
39064
38050
13818
25885
12144
37245
1874
10096
7759
13538
33996
24033
12665
15215
2391
7198
42686
12367
11111
8377
26261
16311
14154
44663
38379
25631
23503
24977
27695
15900
26542
32855
632
18038
29740
6709
39490
16396
5287
26930
14131
31474
40211
37627
13129
46344
10987
18236
34198
27921
5764
12259
24327
21065
31874
18280
12179
47380
33245
32277
26505
991
38618
27745
45531
38346
13827
23769
32794
15763
26212
26826
30164
49369
21013
11470
4090
11511
2327
11403
12854
31325
46300
39050
39953
11504
36474
22364
40262
45714
49753
20513
17193
24675
42493
47466
39868
34030
16857
24337
42783
3998
36666
11901
33241
3767
43624
37334
15122
49699
39898
47456
32005
32361
28440
12199
31086
10906
18559
23720
27109
7478
41421
23862
24410
23413
36780
6953
28114
27054
8063
46821
39338
36018
37120
29565
25270
49324
18060
28314
32343
42448
17043
389
37357
21642
30881
1492
39273
21571
20128
36413
9907
9138
36424
894
23899
13496
9284
37723
9422
11020
13073
20566
32599
5149
23577
26921
33774
16655
34624
5372
43219
13901
36729
38108
25522
29620
43288
26265
40346
14135
21694
41120
24253
11390
6534
8741
13053
18383
31455
33733
46358
34862
30685
3690
21151
13629
14839
9915
32534
41936
15181
45750
35977
29437
19456
44480
16661
15183
33398
17685
1650
20094
35036
28097
24270
48605
26154
26172
27323
30474
47659
30841
18361
33986
16200
30850
1818
21583
31883
6720
32290
32609
30884
2339
21144
810
6765
43852
37498
360
16674
23625
37904
4650
22306
15422
10809
47797
19877
23877
805
39815
274
36399
32042
32756
36153
5445
12923
40957
40611
45477
17595
1646
19865
34893
24692
6858
30092
20136
48215
31418
10866
38612
26817
49153
37774
6843
24675
48816
7629
30448
39676
14248
49596
6268
12401
