42944
36435
12156
8932
30818
48098
27847
27272
3566
6950
17215
27429
27731
39361
25733
7637
38187
48503
30392
39203
5138
601
18770
27178
36448
32930
1605
24187
29642
41769
20813
19642
48996
5953
33670
22918
19698
41963
7485
29121
41056
18553
15711
46292
42740
15461
41906
13479
14455
30698
16058
19191
46172
42912
31656
38794
10255
20467
32816
871
47600
30563
28396
8056
24467
3978
42891
15208
17085
4711
29316
28026
42238
39833
11968
21823
27599
29164
3899
13665
49942
12875
44310
13637
35696
34070
49406
21524
14661
6146
32601
21543
36758
4837
21670
8008
44465
550
18648
42760
28973
31404
36050
46535
40668
15240
34047
39113
33139
26318
42667
49093
10895
4656
24659
44130
43015
46007
27489
26201
19865
28265
13715
32125
36162
42831
8843
19486
18550
46898
38175
27389
7883
19548
37946
26992
9571
46512
14193
4885
15896
46574
32527
4659
2147
14109
35662
46560
8929
3938
43673
5316
45865
33203
1546
4818
931
32545
22414
38816
37233
47490
47790
40147
31476
45680
30300
25971
15891
45608
49550
4763
16602
34947
3695
7632
17391
29913
21591
14250
45221
48853
21089
31037
41206
124
25263
46072
15126
10641
48121
25791
10447
2221
24192
49929
49946
5117
2293
22796
758
5532
47555
42677
44045
15389
9279
3855
9871
1116
16617
7144
17580
7617
17901
24952
9173
45029
29491
8763
25680
25841
15544
33453
8094
32078
4543
40976
26105
29288
21719
25643
6033
44922
24517
12908
43484
31132
19713
18631
10616
28813
34395
14774
10266
36096
13910
34041
2133
27046
19812
48431
11689
49727
39240
47826
36172
23957
20991
15822
8052
22630
34482
17306
24077
3558
49474
28683
34248
7675
48220
32629
6482
9642
5369
39486
21018
19902
33958
21584
44136
43631
45802
17748
38557
22633
4535
40301
38374
9950
43362
16132
934
40866
26153
9157
23404
35012
46632
32398
47861
28303
1562
45682
39126
13569
12453
39839
494
48175
15074
37283
37666
15237
21103
21038
33724
43740
17646
20384
16266
28571
33701
8770
47899
28238
12104
28378
14548
43822
11095
49598
22582
16281
26762
44995
30815
30505
21265
13456
12350
21562
7222
12936
25232
8892
21428
620
7841
15464
47271
34084
28126
270
45171
14183
3730
3547
19510
9177
1415
43236
19364
21386
28251
2969
34156
48450
34346
15021
19329
17657
44258
247
3979
26710
2116
14026
8987
43825
30511
9646
29490
15870
7396
39086
39208
15996
47465
21111
1118
21474
19655
26
22322
23177
3949
41998
6819
19329
13002
22270
5201
6155
6569
22374
47225
33374
33981
21031
34855
27211
7903
24236
11947
46867
38557
4172
27841
49125
17520
765
4694
16371
4117
33913
47812
16102
39779
49798
11883
48723
24429
19635
14194
16309
14895
2934
14963
39735
28816
25452
21976
32464
2113
44775
20944
6021
43028
1263
47059
20109
22981
26361
33828
29307
2916
867
34683
47534
21459
35765
35460
2964
45140
25769
14231
39454
33754
29621
16138
5620
16940
47715
48484
49499
29009
27179
30602
24303
6516
14436
31945
12363
10399
46307
41018
3179
14193
43780
3020
34276
35013
48171
16254
8936
35148
8357
10670
41797
17940
25364
46205
17680
5548
12497
5270
47040
13816
44914
29360
22283
45136
27196
19650
22624
30171
36226
5714
9554
46088
20649
39862
35280
44893
33137
29371
7623
36819
13481
2069
41770
7528
45035
48693
40922
17921
33013
44273
28210
2784
13879
7713
40140
14033
20642
24347
20554
38199
46623
47841
26051
26000
26718
30706
36807
29013
43342
1815
48726
20254
16506
27937
44359
40822
15422
1298
3675
24180
45363
20208
22791
22008
1866
16700
21238
37754
4587
19825
11919
17352
29698
19891
41606
33052
40924
36274
36731
46783
22586
18591
313
16092
10958
44005
28692
34748
35982
11187
27275
25881
24396
624
14490
18914
9346
21035
48759
16108
5543
47247
31303
31000
1168
470
15722
46866
19520
28884
31685
43870
43293
16890
22948
45858
29532
26698
36205
12976
26068
8241
8397
16184
26213
11987
15489
5114
38030
36784
11474
38998
14256
24162
29850
49558
17405
439
47579
38720
40582
30487
46943
47365
13470
14484
12049
48303
9499
7303
48257
17473
36112
14495
9888
20444
15409
47714
5798
40510
13741
26489
3387
3339
36915
31875
34096
38897
1418
20502
33151
6629
36110
13497
5359
10467
10010
2796
24931
10701
46619
3374
11129
45421
15907
30713
4262
15583
15748
29221
12477
43180
43868
28824
8914
31525
5908
881
30632
18550
7534
40576
8768
35802
40999
17097
15618
47573
11239
40176
35656
9955
4080
45811
34479
25949
6440
33174
49094
6484
15768
1302
7877
17110
39744
19110
48535
43010
642
7638
9089
25412
47717
11627
29492
42424
37015
12528
13365
9300
26020
27881
41598
10835
49328
9572
42563
11603
42007
17381
48069
34358
4236
28356
47747
41903
42791
41572
3584
30636
11936
36419
26729
3630
17211
15473
40346
40625
3035
7260
31243
13887
5095
11827
47795
4839
16125
27266
26529
17072
49299
1989
37534
22953
10518
37739
47555
543
12385
44831
34501
18838
9052
32305
48355
3162
14787
30268
38731
44940
33684
41744
45191
2550
42579
40449
29622
35978
31703
12782
22872
22644
47162
32849
8702
32307
24800
26735
26282
48917
1510
23152
21842
11647
23701
9644
34439
24750
38936
7536
27529
203
21664
4855
36886
27821
3305
35560
49853
10801
18136
14602
12159
14288
29525
34490
11763
14165
37041
14481
31013
1028
16506
37526
7127
44941
20707
14462
24768
40567
45674
37888
17968
9698
4254
38700
31404
8410
32906
25691
30640
34718
19421
5737
48114
32094
45807
10683
9453
38740
28149
26705
16232
37924
25229
25512
26657
5097
25028
45530
23501
7048
18462
12315
30580
37549
46894
45124
35052
1079
7559
22238
46881
2778
22965
6554
19781
42540
8096
46663
45517
18924
7517
25409
13483
42943
19492
4703
45182
42290
32243
3798
32948
37419
36961
11530
16138
46595
4775
48588
18617
32638
10065
21900
7512
3951
42990
44222
14239
44695
11791
7254
39235
22847
15561
5382
49350
47876
1509
7552
32519
3405
28586
29269
32362
10022
40911
23891
37460
15853
21489
34134
19968
14943
34980
44500
28380
16054
15345
8868
15594
21474
13831
12204
15044
44500
46026
11230
3810
1227
45841
7640
40028
9585
38057
26851
15047
8700
19416
36007
14805
38107
21680
48133
19706
23201
37103
27925
22839
40788
43613
29327
48137
47210
33987
35060
8218
11691
26907
22264
20082
37812
44941
29480
3033
33188
22686
29646
4488
39394
38970
27486
8738
30083
48173
47511
28735
5119
35589
41431
30738
6003
31061
8405
8963
7291
46728
32450
5657
36064
30709
11101
31469
23639
39787
10380
33510
12999
8848
34207
44789
36232
26697
38372
13382
35522
26097
14955
42495
8726
31638
15670
11921
42099
36267
31953
30954
44302
47165
26684
45716
469
33747
19099
16291
22337
21320
45834
35522
48620
20956
13654
40335
19380
15713
27943
40341
4667
24677
9809
27323
28237
41409
21890
11119
18244
4980
10849
39443
2443
12956
21977
16961
27769
14372
26730
611
33664
3176
19972
20508
154
41199
9136
13363
32809
45708
32787
36414
40033
9829
44550
33062
9024
39292
4048
30964
22917
2274
25573
48829
5855
41301
40995
45742
47617
14050
47185
41246
42959
25822
33344
21921
26637
16050
42765
43758
27433
22472
22640
18571
45200
7227
29940
1616
13193
6828
39896
23194
47879
27324
1508
39064
34195
14893
18420
6120
18071
23548
7506
43781
36274
47979
1958
23535
49968
26023
21691
46960
3949
39006
35293
45917
26084
23166
29763
14525
37876
28173
21988
3957
49478
12488
40032
6108
12959
2553
4221
24992
31362
5385
30548
31058
37064
6661
44051
40287
10805
28808
21049
40483
10641
8787
46472
22745
2625
5696
40647
26913
40944
14612
44251
21335
10160
17797
39933
15649
27620
22825
7968
26575
47917
28596
17286
6275
27737
20880
918
48990
43536
48647
47449
9168
31711
41443
45391
21547
35762
33756
11269
43648
16230
25616
5284
43764
727
9758
48010
3188
18530
48664
32645
28492
28331
25946
46941
6959
42763
17189
26271
8785
23031
35880
28139
4820
19955
23159
4866
43516
35029
40190
3631
5268
9158
6160
23618
26249
42810
8964
20204
25196
647
1680
12294
17609
32978
19869
16840
19544
27467
39284
25657
8057
33665
33352
17908
31802
43363
16086
3902
33035
25033
41531
134
16126
35090
19565
19700
15502
5066
15618
5521
46027
33193
43849
40173
10488
33400
34641
34115
12435
7762
35837
37810
10700
520
38575
27459
4218
39885
23100
35254
45619
35136
39903
26120
41891
48699
817
30049
48864
13406
10269
36265
32309
37571
19424
16740
23371
21115
44309
328
19059
35147
32399
29851
39443
25861
26960
13130
24210
5297
34358
4852
30470
8645
27470
38410
6693
25628
11809
14723
28346
21549
9045
1680
10694
49199
27288
41343
13996
28203
9021
7530
45817
17096
4921
434
41522
11189
27191
45480
3094
26441
29601
26796
29277
32000
39604
35706
19193
48388
3241
43768
36266
8393
11119
21498
8671
33600
40304
37550
42538
21923
21519
17648
10817
38668
37357
33932
27601
34567
20477
35030
26993
41180
48453
46427
30027
19662
18017
34991
7908
44955
6069
16368
24990
39931
33659
39097
39563
33213
17912
48781
47986
7890
28258
6516
17109
22722
34080
39175
17464
33728
39759
10254
14294
6514
10067
12155
20064
48793
44986
36806
39678
37986
25398
36592
32286
3764
42208
44358
26970
25260
19932
30363
23437
30704
37254
14619
39700
24956
30185
19031
48352
849
38573
13332
48415
26389
37980
2971
14351
27258
1359
39505
13365
20146
27727
37829
10164
18771
49369
23542
36184
36934
23208
19314
30232
42723
11184
18887
40671
40943
2386
30914
29443
9710
33276
14168
5603
5718
39691
6913
3200
806
39256
39199
6899
19846
4037
40419
16539
17381
4693
28257
19482
21642
28839
33533
11012
27697
49394
1615
32083
24613
8628
8972
3608
15128
11731
32549
8030
19456
15873
39223
37981
49963
14740
35072
46367
6902
39025
41984
46988
22180
46484
44850
34369
39372
43487
5125
41604
14939
29573
20205
48960
48495
4878
16578
24496
7155
32356
28574
4916
24889
890
14649
46916
13327
11785
30995
11443
48200
46594
30347
45310
42945
41615
23292
8696
27909
43853
6926
8442
29162
47935
661
47692
45637
6626
7305
17503
18370
2426
7636
19371
29396
5346
42429
31440
33552
30430
5301
52
46878
31684
5747
5193
30809
37251
42677
29749
31378
1412
42968
18408
17050
15866
8490
11302
40077
11573
39616
46458
18933
40347
43652
46646
11013
7969
3055
46856
23353
48201
23662
45385
14521
24753
9654
36888
35830
27180
29827
2591
33441
34950
8749
17211
29702
17864
30564
25919
41979
20231
33010
17405
38123
20371
24277
30903
21065
45293
26478
26356
10588
43547
43534
29356
258
2200
25671
34576
8915
33265
44303
25981
27617
45746
15428
40182
28602
13160
3584
44938
7936
704
11916
17893
3441
21495
43134
10400
3416
7076
39314
39332
162
2133
35098
1586
16699
7053
16833
19356
10346
21688
10126
24760
48647
33742
30636
8822
40054
39046
40702
10572
46739
11983
30422
13564
3001
8800
21440
8200
5374
27344
3899
43051
38413
44731
46961
27844
32357
24776
19005
32917
19047
40720
17095
15797
11199
47382
30021
28942
1174
13242
1562
26899
39300
10824
25164
30257
29292
5157
43664
30683
31808
3553
35920
9030
47522
45402
41566
31226
37501
29556
6865
22830
42066
3901
48630
30399
33005
16620
4784
48370
39509
12404
3068
29691
44443
13934
35235
46599
15418
26205
44957
31791
28152
31571
46916
2366
12398
7453
18956
15971
26512
26108
15990
35934
21596
37309
46205
34104
8951
27007
17166
9865
21838
29464
4399
24745
12462
7550
43866
39127
22899
48264
46628
5271
49175
18786
25948
38965
14174
3077
30454
20219
44059
1352
27941
33135
25204
42471
26897
6120
41975
33345
32132
32758
33397
43305
15745
13400
44134
1716
24333
27268
5979
33135
23182
45848
43869
33236
49337
32941
3421
17592
49883
18412
30788
38617
24222
15501
10202
30765
20537
49143
25947
44215
16188
17442
5067
48076
11078
8946
1109
48961
33212
31482
23270
6039
14217
11817
29305
27670
12577
4891
39128
37154
15514
16444
32820
11918
23458
24962
11632
2227
47175
2440
44940
30086
23005
47765
35814
37432
31655
24224
18141
10870
18488
40849
16312
23424
874
16129
791
45407
4108
33554
31221
41056
32750
42230
10762
8744
4450
3114
30989
33080
345
35287
1085
44877
46176
36471
32276
48417
16957
3317
33710
12452
45190
14017
29075
34348
44144
2927
195
5351
37465
15149
19050
1316
16730
19449
12536
16935
5029
15032
31557
18279
17438
40499
8817
11520
38586
2562
40404
14484
42345
21238
32080
44414
18896
12998
13560
21084
11142
12165
21593
45396
18901
29890
25793
49647
10496
3695
32927
19873
7821
14186
31279
41944
46289
44495
37909
27359
25498
34292
47444
27139
14975
34101
40945
26624
3354
23523
3959
43929
49417
32868
8073
1390
43567
35382
43464
4917
48445
14596
15717
38740
20973
35148
45846
29419
14864
34450
49502
23965
48064
13886
42989
20534
29618
3686
26717
2472
2973
14647
16307
21640
39646
11498
48635
47680
13374
13985
33216
48785
42160
27157
37174
17121
25603
1828
9127
34645
14151
22211
40496
6382
46355
8689
30158
14687
1925
20303
45392
34834
22438
18912
13497
16048
46359
48935
43898
23210
30210
27880
45636
31033
12536
29257
44918
42043
12836
9281
198
18727
7570
34872
11775
40377
23810
30451
22450
28440
32826
5433
31473
6336
37989
41155
19176
2323
30039
35581
17666
46837
24652
20690
30759
16673
46466
18170
40916
27580
46122
11451
34928
20228
26978
38922
10770
45745
17198
429
37522
17044
46156
3076
48856
37196
16024
8087
23612
43408
871
48468
7903
23557
49413
29995
4274
49950
40238
30257
44292
38086
20573
5897
20565
10258
28193
37859
47853
47190
44812
13424
29849
13495
4212
11475
6384
38199
49765
13506
32052
23505
853
304
13189
30367
5092
7018
13019
38921
11081
49061
14246
34594
20971
34030
4664
32889
6505
12961
24286
32288
27174
17251
37306
11496
36942
25949
35355
17429
19856
74
17834
12324
49954
36708
12166
27043
27461
6792
14102
7919
28422
13579
5982
30049
45980
42155
4031
43163
12120
18341
16988
42606
25363
11334
29421
10746
28882
6099
48707
48726
43210
11155
11586
8592
24850
8792
8676
22139
27261
29114
33106
44013
33511
45348
47363
11296
2262
17615
4600
20830
8592
14951
31258
12314
39054
23520
33363
45280
2696
33919
21751
27944
42605
48387
12207
27124
11284
17327
19074
18117
24525
42757
5089
7141
41521
18297
34763
33713
33965
26139
47729
34872
34367
25865
723
13341
5194
10249
21195
36936
7266
2691
24779
39874
10915
39733
20110
49155
12417
32251
22441
47890
15202
21090
42500
44830
6453
34617
49647
21995
48730
7295
1234
43358
44545
24117
28632
41644
23378
27513
38670
11656
33222
33976
632
20408
22690
39861
12455
29023
47816
10382
16788
13898
16336
34350
18894
40815
40895
26388
37948
20176
16278
47743
3026
18506
1521
1421
35988
46209
18059
42189
1678
31325
38383
8396
528
9163
37188
23996
20439
4525
4206
8644
7338
12189
6317
25708
42333
34217
15595
36640
39974
5212
49689
23205
12898
32638
46868
16235
44615
28950
41270
14161
14045
21446
8045
4298
41450
20732
42336
48119
35790
16826
4473
45528
21000
38851
17104
45010
35004
6636
17075
39964
29919
36004
26293
7616
47528
16168
34904
19518
46860
41571
45166
1796
19982
37740
21994
40624
26021
16006
23153
15420
35304
13831
14631
47441
19939
41034
8719
19502
46131
49401
31869
35149
32490
28764
47630
30797
19404
4088
7071
36431
24049
42707
12096
19041
27891
42405
22357
27668
9501
2721
898
35702
31379
13105
15847
696
916
7722
21297
1418
30688
48732
9017
20977
28940
12447
35833
4334
46175
33261
2422
8716
37758
31826
40670
14850
25207
11882
45581
28413
22887
15877
30684
25052
21429
35481
44208
41605
10741
8309
37029
26968
11413
44664
8748
4653
10427
39299
19079
15141
17143
15439
31319
441
26241
4019
32976
14833
34810
47871
41442
4377
3753
16772
9218
41044
42048
34398
12574
35196
27294
13509
19653
44791
26821
37670
2844
22164
34582
9496
3454
37253
33351
31267
28833
33600
18294
41146
4796
41641
39068
13484
2992
39034
49163
19731
11199
8216
6080
49115
3353
15436
13038
15085
36224
2591
12527
19065
31391
39110
1781
30682
37098
8097
18634
29829
14951
905
17241
20676
36344
8190
18852
49229
6932
22343
26340
9822
32649
6688
41243
20682
26361
1286
14933
47097
1061
17048
24951
25691
8010
26240
28238
44798
30960
13388
20258
2371
44089
8408
182
37475
42832
35384
36778
324
18122
19251
39407
5286
19301
46848
47842
28577
34825
40256
26222
43180
30737
41321
18546
32202
20859
42056
19621
3630
18636
49316
20920
34959
31622
48527
17159
46483
22752
36301
12022
11058
4518
42902
43284
37545
18918
13570
48449
29486
42643
4388
1016
1737
25478
12612
5811
36809
45934
33746
37257
27613
38800
40148
33946
5534
36710
32708
11981
28965
45166
8886
32973
10273
6650
11830
43453
46133
1669
20910
39663
33765
10415
34951
11560
33959
41392
17516
43210
18638
29545
48365
41474
23995
17340
29918
32227
13087
21127
41676
16359
25420
28536
17479
21038
13901
30321
44841
43885
17802
27838
25739
6045
21247
22109
4552
47695
49569
22102
10861
13693
41751
12870
12348
34942
21225
18879
12531
11383
27828
35617
44931
39106
29275
25558
23272
49300
18607
239
3699
6427
29928
27192
38035
32928
20313
7100
28963
5803
48785
38217
11907
19118
37168
5492
47876
19332
39308
37398
16781
19646
26686
21637
17634
45664
20652
45323
397
15529
12506
28295
29882
1952
39134
2278
44333
37811
3932
33666
19771
43335
39209
19197
17842
21465
25161
35031
24579
28593
16801
20048
25551
28376
10404
20419
7537
22071
40702
45290
27539
43436
26967
27956
32354
30388
33790
6174
10822
27209
41537
17028
2730
19647
7934
23878
30843
7767
21943
18132
40668
45731
6754
13054
26528
39494
21946
41024
38701
26056
35811
4190
18385
41491
32105
10300
9809
4886
44517
28180
29402
9303
5097
15864
34345
35397
2577
28962
49223
14431
27036
38366
17036
49411
5905
7825
21530
30351
19920
2734
1456
9796
32784
47736
27591
33579
40359
10175
27119
1662
49394
10360
43388
48045
27813
16767
46969
28456
44134
46585
6161
4053
24833
22089
33570
17470
19813
35748
39721
41910
37312
22607
3550
19185
37099
8470
22181
36604
43145
33405
12464
8011
26555
45420
26781
19851
36202
43362
12302
41785
22164
47051
48096
2656
49827
40392
5031
33637
17653
46179
36038
47971
11221
13580
13954
14759
15333
49009
39091
40767
39617
37304
19259
25371
41885
35236
38970
42570
18825
10793
6829
30818
28182
34
47920
45802
29850
36634
22548
4378
19744
23531
24328
47503
4305
39358
40228
29752
44259
18424
27314
16569
14476
42853
11971
17360
7526
24329
20217
32623
21577
37843
25452
26827
47982
44351
1435
21330
13177
39655
28282
25743
31129
14155
11675
41214
45054
48004
22968
39192
27127
23038
46395
23471
45108
36579
23129
12867
18056
23770
9371
28017
6247
37442
10866
12165
29391
49605
47989
25172
46021
49375
32310
40136
18517
1913
17440
38649
5554
13363
17007
9737
23397
36736
36750
30321
7772
43483
27821
30709
38288
33453
18346
26742
32426
8394
314
2520
21728
26599
14802
32989
17921
41068
25460
13290
22644
27552
33906
1695
24662
1960
5684
13742
15863
15104
38907
13011
2493
37498
12794
26367
48559
24993
12859
3839
9085
49099
45496
10231
34299
36012
8863
28493
24501
35620
38588
27755
14007
42966
1424
46239
9110
46727
39087
44275
839
3279
48386
43692
37624
42179
29015
43254
44816
32575
3111
14040
16304
28909
6271
8216
43213
19256
42104
14579
40729
32077
43588
49810
18038
15654
28355
36633
33191
40839
2158
27363
2929
10427
42903
38044
9725
45513
36678
9480
22796
48051
26922
23097
43467
11244
23878
15371
43816
47796
24359
20554
31748
45563
34858
26681
26221
39278
19140
24486
13187
34134
46152
25581
22454
4528
11195
23898
2671
12387
32635
42349
40408
577
26837
1273
27419
24771
48789
1766
21651
34032
6595
2770
14603
21294
8888
49764
20258
29607
6739
34487
36777
23064
7396
18675
13864
37596
31797
33894
19316
562
10681
35554
28024
37292
26063
25308
676
16140
257
49324
2036
35074
4733
24350
46942
36951
27508
35381
5588
40358
30406
33959
43775
30443
28769
25529
47818
21012
46016
3512
41972
30687
44684
46692
25935
41756
37767
49979
22600
24168
34690
8902
8577
46851
37534
31530
30416
24766
46267
48128
31350
42042
30650
29221
25671
41503
41886
6363
6440
44062
1065
43128
45638
37460
36533
7888
23942
9808
21044
30717
17439
18588
25549
49032
33285
45335
11073
29278
41051
2168
36060
21554
2692
22888
26705
49896
32882
49955
9437
26477
22836
46828
24598
48453
16654
17394
42169
27148
4725
393
6418
19000
15515
17656
31850
18085
9236
1082
24690
47141
33914
21107
36880
38441
46529
2768
47400
5832
33813
33762
6975
23627
24004
42663
41804
8389
3889
4539
44403
41590
5305
23618
37200
13039
37476
9712
48388
18293
4432
44091
119
40572
44956
40791
28243
44605
19655
20224
44544
28745
15633
20714
19099
40144
10598
14205
37696
18258
12579
36423
24037
2840
13123
33562
28218
44022
45522
13189
24379
22986
32004
19000
21499
9066
37353
47863
21114
36105
26689
4881
13903
37516
46455
715
25086
35289
24075
27010
5558
3274
40283
10730
18161
6883
39799
1922
49973
24045
11074
2204
30814
15287
31631
46967
42153
7198
21617
40397
3713
39566
30381
43153
10479
6365
32429
40667
41488
15542
7107
35902
47006
14369
32086
16207
9756
39081
12492
32605
9979
43407
42001
15374
5831
4029
9873
44919
39467
15060
29802
23149
2435
32923
12160
16557
39411
18303
3245
36478
5209
5740
24777
18531
37981
1265
48128
37306
21480
17863
20567
34778
3124
6199
33731
4621
42407
17530
26141
20658
25924
21798
24095
15606
42424
12465
28233
5696
3959
7672
19144
8065
32730
4140
5637
19677
13371
3703
3574
16056
3548
16358
22449
9241
18817
48244
6497
43802
27465
4381
9977
19959
11430
41948
48881
48912
7290
26902
31922
44472
29104
33723
12745
7058
36821
38939
46739
4744
23961
7111
14518
45067
16203
12511
37578
40057
47970
7141
2652
16729
32888
2499
34567
4913
26025
41681
27817
31980
28254
31144
12770
2760
39050
4937
45975
28127
45999
27905
25752
11195
5613
36643
46124
7168
29676
47956
49567
33533
22333
7661
37148
42613
48366
1391
48171
38464
19453
4237
10760
19270
45852
7093
4063
25690
40126
42932
28413
23410
1669
20277
16434
49596
23977
45450
49696
42976
48545
11145
43451
31623
7896
49229
4873
3295
42748
16287
27771
29994
28534
28667
25306
28576
7468
30739
14535
29037
27797
31143
744
9940
17617
1373
11182
1584
28230
908
35992
32095
33376
19654
21131
33304
37027
2388
47544
18510
47010
49076
35260
3087
27793
11381
12200
43472
24613
26489
34889
43778
28873
29685
49823
3589
7588
2865
4366
38651
19733
2300
43864
38452
7360
136
44527
23375
47892
13718
4065
22928
12546
23922
1225
45566
21289
378
48336
25349
2246
24188
48290
16768
8231
7975
4851
16215
28408
22569
1921
13449
30742
23046
28139
16056
49641
450
10123
35807
15786
13365
10840
4036
37870
33067
48480
27496
44300
13102
449
37737
31031
169
29487
996
3327
958
25748
2721
27390
36091
35317
29318
37214
20579
36433
45902
17240
33454
40596
44742
28966
43801
41957
32183
27042
14732
7009
24850
6216
39779
49369
8999
9048
14610
30897
11539
24230
2270
16268
7504
29698
48797
22007
15328
28478
24990
48804
16296
27055
1947
32277
10236
15997
48607
5719
45085
13297
19992
41027
28157
40074
40160
35392
8320
15827
5297
4131
14717
30442
21424
1679
48036
28981
35428
13237
6143
18407
41093
9537
40714
16480
6290
12266
41027
44181
15494
18239
10690
17598
12755
28078
36611
23114
33172
7208
13268
15843
45720
14860
32931
7238
4520
35399
47839
34973
4056
5338
44402
22028
22873
17552
26500
23677
45982
27980
2489
33325
42117
6806
17882
33016
15115
6636
10552
772
16164
29136
33242
34534
28763
30348
12510
48589
22178
33007
22558
47751
30673
44786
47533
41670
25161
47182
14090
10283
33703
3783
8585
6563
7169
42490
45565
16405
18805
12952
36014
8283
36641
4728
31897
16976
21112
42905
4035
46018
31613
8580
26056
12378
41520
23335
10861
34525
71
3143
29861
23972
10716
2411
4794
40541
3637
40732
3189
19710
35629
25805
47652
36156
41437
38463
8662
22889
27281
43622
35468
18031
31507
22443
19817
6587
39459
4126
41157
13151
41889
5868
13734
5625
43936
34310
19074
18646
27345
36971
26238
45582
10790
30281
40320
42209
30539
14839
35621
46889
27556
27818
5190
34873
42040
10019
44940
22664
34471
3859
7303
44397
25711
45067
19983
47997
11561
14349
33565
17594
1069
6851
49579
35219
8196
40480
32639
35113
28749
14523
43904
21882
31934
44361
46588
10473
13917
19899
34454
48361
32006
19756
13962
47258
17919
26428
25795
7557
167
450
47744
33270
723
25265
35759
37912
49071
10443
45823
4490
25833
41512
28225
31693
11195
13928
40199
3502
42340
49011
18635
32405
35063
42377
2997
26358
8033
6736
20452
48638
13764
9409
12323
33529
43731
6193
24763
25615
8734
33786
44078
41700
6867
47971
41333
43050
1372
13505
23993
32434
17402
13613
33431
19254
47715
43018
37469
47970
14589
31750
15050
43967
47518
813
37582
30037
32669
18559
35534
32832
10282
29397
7264
38014
2097
19045
233
29791
7745
40445
43781
25309
1798
21582
15499
1436
22161
34181
10200
650
26185
43299
9445
40491
20240
45552
9662
3675
7876
45688
25145
18115
46652
21201
8739
6450
46182
39374
31278
6828
13048
39578
6013
1501
49172
6123
30133
14536
10430
11023
11509
29211
30369
28524
43539
18791
44923
25241
37689
36201
5355
17591
46524
7279
9184
44394
14862
30999
554
42981
48269
49943
18178
22645
27064
10579
39191
47988
35817
6163
46809
45657
44908
20333
46882
38342
35592
33791
44261
9824
35458
11457
26839
30427
7451
42241
41349
26580
33267
39530
48971
34249
12011
14736
23329
38014
41320
46798
29827
35695
45479
48584
17929
15653
18995
46670
18947
44858
14463
3262
35022
42685
7338
16430
35339
38828
11089
21171
45791
24126
23218
868
1970
29482
29259
31798
42635
22106
8952
34468
3995
37672
33948
10513
19963
12991
33068
24235
19515
38206
26092
46804
20182
7158
18744
32077
39460
24772
14794
33645
39944
44051
47312
48751
35120
42957
30963
7439
28427
38304
6896
34739
38777
42195
48519
17176
17288
9596
16571
44264
11353
42127
10509
46033
6327
23923
37849
6994
29805
49920
3472
5151
30932
47730
2269
33177
9590
32947
12268
20854
19403
44388
1516
7288
49820
49658
26335
8938
18064
146
25042
31144
6098
48779
36072
32856
9621
43621
7624
17636
30742
37721
48192
38763
13474
10327
8088
12415
15890
29448
1814
20429
34605
19818
11869
26405
31717
22024
44658
18003
1271
15246
43092
46056
6940
15886
47846
30928
26428
19336
19946
1815
24453
38969
38960
33180
6257
45043
35870
35201
10540
45277
9811
38887
48728
49173
34455
18999
19330
28212
14166
27668
10666
27877
1306
18846
9878
6521
49804
2817
15905
1911
20033
1111
43561
27123
46343
41538
8121
6496
20609
27425
29126
11461
25603
31981
2617
15448
5384
16584
16352
33882
39140
39057
3391
11033
39552
9629
22611
44422
1165
3548
44052
21528
5533
33976
9428
33486
27465
12975
33107
8909
36053
31766
45460
23607
10001
22221
45093
48456
20802
25986
17168
9532
23873
34212
2714
31195
14022
25220
21790
38552
19962
5839
39738
4908
33555
24572
18827
32342
26837
21782
28114
13842
38547
42241
13539
1962
913
25745
17399
30938
43742
4456
36369
20203
32176
12653
27805
10024
11279
4697
17309
26372
754
9334
35569
29799
38343
31461
36904
6364
2371
38894
13031
22125
48520
35316
13005
29459
33947
8643
44535
42766
27664
49264
31568
3703
6895
28508
2066
18683
35837
37384
12359
46980
49140
31130
27145
37466
30296
33067
7697
24768
32425
48387
26863
5531
41369
18288
37011
13041
22095
5197
3230
28833
34971
19333
37062
43227
45732
37306
7672
26564
34557
36179
40732
19164
14447
36678
13953
19674
22630
11962
17735
34731
24628
19087
22946
9656
13190
25266
19780
16577
48207
2785
46813
2864
42442
34138
37603
48701
37080
2935
42076
43264
41351
2891
31859
5691
19011
42401
5451
20069
19189
29940
31430
10180
22744
47801
49945
9337
21896
49606
37368
37258
12340
49323
39709
20692
49051
28045
32805
49527
31954
21666
1545
1159
5526
9516
17925
16538
28213
15077
11989
3665
102
25319
25324
42624
24902
21472
48951
25679
46794
31360
27935
9988
35487
6138
39233
36272
39873
28721
8679
8843
13144
36151
42219
48221
3224
41756
28312
7963
38342
13138
27513
17318
34568
43606
23912
29762
13683
10532
39552
45620
29935
40761
48000
11639
8603
4187
20013
14348
16199
23975
35976
39587
13254
46282
32034
20831
13303
7436
21906
17296
984
48142
17325
4505
22318
14827
11966
26338
7158
4589
28399
39298
23129
2921
15213
30522
17190
48923
19116
41860
38134
10088
36285
48482
29974
36610
20565
4455
9327
37973
27948
49973
5655
27545
24202
48289
41980
16379
8002
25767
15395
22919
43968
20359
23141
39792
21120
35715
48384
31701
17390
36416
26997
47748
37729
48822
4035
17645
18906
13695
2174
1574
37543
19312
28750
21863
29591
12210
40929
13381
6842
24211
44511
6680
3397
21083
42346
2315
9230
30789
20415
6816
4321
33283
16405
19697
21801
34170
789
36908
11305
13411
6169
31841
33511
38511
17342
29121
45944
5130
36252
34537
31149
38827
42382
13544
28919
29625
17553
16632
7085
31822
24350
14494
39699
42859
47165
12968
222
24064
7681
13457
43823
2814
21829
42539
41090
24990
29695
4108
35350
37614
49769
21280
14837
14862
19520
16434
19782
5890
44704
14096
40628
45787
1015
36515
5209
30265
20457
32643
15929
28043
35344
19781
40535
10838
2739
17362
7405
20766
23425
14697
11492
9696
47804
30459
45453
30520
998
18498
357
12717
28348
48746
28172
16843
7809
38193
6014
31397
27797
16800
24083
24272
28184
9555
30767
10880
18837
48639
20960
1767
34383
12988
31705
32732
35189
15676
15045
43879
9930
18977
17333
16105
22964
25174
31067
2786
30286
8971
35673
48531
40319
6376
23804
86
5188
9765
33676
29811
36825
31883
308
15966
22372
6918
19165
35866
10421
46190
29985
17379
12823
11301
29101
43337
40080
3253
40381
46008
13437
12780
11261
41961
27032
19419
30539
30529
36825
2299
3870
10363
37394
18839
6757
17876
47996
23269
34763
13988
25056
21465
46294
15159
39065
9705
48431
23951
43036
20658
12861
38431
7928
17840
25002
24599
19577
3659
21542
25228
35166
35898
7751
20991
2777
19995
11427
41451
3553
17979
19531
29478
27659
25471
43727
30163
29287
44255
40125
29018
44743
12466
14113
37327
12652
11782
19321
2612
22983
30678
9193
30250
14104
5189
10925
31898
44303
31585
37361
45948
630
31024
19736
36281
28990
47848
5135
44698
4675
43988
48577
45445
22880
20926
6874
28326
2435
36628
22003
45610
32520
14182
34233
24892
22382
49467
29316
25747
43902
39666
22994
14007
48964
38609
46338
331
47527
40610
4806
40961
1336
2275
44101
2806
38094
19312
