12010
15993
33348
2337
3955
28228
39281
37196
37567
39473
634
21694
41252
48403
16447
507
23764
23147
3329
18523
25385
18836
14438
4319
46381
18125
33103
2495
37050
18093
27771
38625
28089
31877
32174
30258
7478
44276
41671
34215
22759
21497
46516
33523
19225
14836
29003
46911
10599
40661
24142
16801
11946
45612
39054
7972
5069
25976
20896
48796
32405
23058
36314
37757
39265
6992
32045
49403
521
26876
12338
16163
5061
46814
31208
16189
36263
33229
48726
26815
25211
16828
49826
23315
11503
36835
20204
36730
24672
28253
36473
5537
853
35026
21289
25862
49538
38829
7378
19788
35281
27048
36674
12228
47530
8208
15372
26259
11018
29146
28742
42894
39732
22112
32462
24952
22030
21436
3440
15469
46645
47990
8417
20846
9280
45047
9708
15611
37494
25717
40151
39624
5603
22811
14635
1993
28065
24774
6151
3446
3078
43042
28913
45656
32464
1828
36518
12834
40151
12277
17750
35690
46100
28796
27931
16620
6682
11933
13994
26280
1004
14034
26157
41043
49979
36631
46069
33352
34957
47671
10076
15182
12350
33703
14476
10058
16560
33383
28921
37707
49253
23222
20075
122
6702
23920
27209
37915
25347
23775
13403
26851
11730
49410
34348
29487
42200
16843
9260
28745
40711
9012
10711
41566
27100
23198
24890
15174
4796
12781
25106
20450
3486
2042
18907
38309
40621
48486
39776
31800
13388
40038
5360
26587
13984
43051
35791
39658
29734
38944
29994
40826
23810
26187
39722
32033
33971
42409
11266
40233
16316
4878
28911
21402
37956
14823
32848
12893
6140
30441
16721
28531
25854
19085
42163
10428
6783
13269
35728
5348
42758
44260
43844
19859
8125
8937
8895
32174
16050
5284
20604
10494
38645
30317
41232
27601
40808
26010
17641
39445
20304
37453
45098
28778
43986
22042
4619
46289
23448
25122
49661
32016
30709
9095
25571
36941
10891
25036
5756
12084
22502
40059
48603
12684
25290
38607
26337
42451
1482
17177
41969
47008
35219
2529
25428
6993
20065
6335
17430
12759
14623
14870
41115
47051
39685
30025
48950
32758
21116
15533
43757
5274
30477
12001
29705
16682
18805
38062
26730
43289
18683
17403
1934
19191
30625
32993
21567
33611
46181
5146
48316
9306
2220
9330
43827
2794
10990
37505
32914
1974
13147
15414
29275
22501
44561
936
14874
47574
39241
49113
2680
980
19712
36189
26884
29162
25470
46961
26066
609
49615
19942
48899
13479
16592
23649
49846
43413
33295
35210
8509
36130
21495
10003
19336
38961
32114
16077
37641
36335
24664
7063
29906
1422
26705
4790
7938
35006
33407
17598
27700
19088
31336
45737
32505
27028
7831
790
10820
14975
6366
27273
12585
48994
37006
24409
47197
46798
42951
35859
40271
8096
10455
19023
15518
12076
38454
39262
21052
12573
20262
34260
1900
36206
21502
39203
30948
32815
888
45419
39210
39349
31807
25491
44896
17834
30271
24285
37634
30984
30894
35050
48793
45834
27683
16083
8305
6800
44312
42747
8974
48692
41620
21418
12944
25153
1489
19532
34012
6633
20622
36711
25902
14302
7954
43390
22114
9300
20805
13444
7077
16909
34091
30485
34763
10845
6255
46869
11297
2710
34490
29469
38564
28283
30218
35079
25250
4067
22724
35545
24923
47231
41478
15357
34323
44447
23005
24490
32478
5273
33065
6601
17268
31746
49795
47079
12075
13044
7739
16339
18477
48954
12645
7156
12776
2026
42215
32978
7237
40777
18630
5953
9127
20843
40086
46291
7775
45167
4479
20207
29947
33506
7827
24547
6362
47123
47701
2451
7713
4041
19367
45751
36746
46701
37853
32187
38821
18125
40487
15862
30472
37525
6992
45049
5051
3715
28883
5620
29861
40199
27532
22166
42786
47216
7800
15470
13948
5771
8559
28830
44158
16860
7508
21490
2249
8245
22070
15759
40388
47443
616
22358
34803
47275
18422
5170
28165
2942
3273
26268
24735
25782
26393
44151
45062
27499
18012
34893
33509
26273
14134
23176
22335
5008
39727
4449
5354
37730
6978
22976
43048
16320
2864
35326
8974
7219
29059
35394
27436
28509
9194
5027
37041
1877
7249
38257
38360
33666
34024
25167
8816
48206
18843
1587
5585
48412
18502
5877
33396
3190
6931
13364
30313
23165
7472
45002
46809
33680
2362
9184
1273
26632
41232
31120
42079
10360
18461
1094
37826
46620
21515
30181
37544
8565
23754
41506
25420
15093
4743
42985
28473
28004
40879
13706
5875
2136
12744
36414
12500
17183
14927
8683
29675
28107
34545
13380
21856
15860
35029
371
40822
17564
13697
9623
12438
15985
11034
38833
10687
3510
45556
31209
29998
36467
43178
22701
33908
43980
29438
37795
25056
3361
31811
18359
42270
17553
17117
38521
18162
988
23781
2162
29706
41715
307
25666
2683
22260
14779
18817
11897
3443
48208
46639
41906
4978
41001
7542
1549
24587
8155
2881
14650
9194
12682
8293
25942
11278
32442
28048
41949
18014
39816
37726
11423
35178
17216
31388
13238
21436
45897
49068
29791
10944
6160
11303
25029
11942
23424
19521
6233
33276
42625
40380
48133
49500
3664
33214
21564
26231
16129
23039
5506
36918
19667
31617
30629
43224
38228
6041
14180
415
49156
36155
17851
25629
23462
22012
43913
15703
3703
7960
32214
2403
33412
34747
30654
1966
43002
38188
7114
166
19534
11182
41753
47713
36522
22548
46218
17709
20695
45235
24587
29938
21695
37089
46454
14836
28451
22271
45203
7768
33853
3154
11545
3720
40291
43925
28625
45212
43858
20451
16696
13506
17120
14684
22945
38922
14967
45555
45187
47124
12902
43777
16454
16663
43499
22438
31382
524
15596
20940
44684
37664
31593
27445
44430
41822
1449
44787
32605
49205
43090
23484
28948
12418
10835
30006
5867
43129
7780
33502
2907
34559
8897
14224
19939
49832
45939
9702
26156
46037
43642
30561
21469
6719
49998
22113
30649
32384
15780
22551
31945
41911
6966
14848
8350
16583
28835
32712
10451
19297
49248
29887
37107
32522
32076
44893
42243
42042
48669
18509
12733
39017
44918
19453
8060
16431
29727
13001
7147
32852
20773
20682
38924
25091
7080
2652
48916
18576
20201
17123
14289
11747
346
20996
35911
8655
25813
6396
36820
27382
41996
26900
19837
37974
17520
19646
31150
15585
3549
40945
26493
21738
20715
15590
7656
19536
12793
18784
37800
27549
21619
30878
14568
16112
23620
5949
5149
4505
29242
24199
7423
37689
27004
18621
15243
31002
45670
18797
14297
12570
33441
44744
38320
47374
886
38000
39692
39240
33672
21580
24476
27912
32851
47509
12297
18747
43549
46710
3521
49609
44091
3943
1870
12776
1149
4893
9694
4960
6166
1555
18541
49210
30807
2541
38215
38065
37847
48915
31201
38622
18860
17438
42821
42931
43958
17934
29942
26115
13210
34768
10870
37821
19674
1571
47062
45162
15411
27600
31572
17191
29579
37686
24687
36622
14642
15126
19594
45501
6353
29258
22823
8887
12841
6090
46199
9116
19139
2534
25782
37833
26001
8998
39666
5748
25718
410
4519
8792
19509
16766
26014
30924
27354
6869
23750
42982
10218
5080
36640
38957
32339
707
25119
10221
47927
44813
31633
25716
20686
45977
27854
12887
14494
2985
41233
23435
6152
9682
33145
45636
9491
32630
15164
9594
31072
29830
15035
12510
26146
411
9615
40179
25525
10204
36090
43539
30366
25691
9962
22428
13984
2828
41225
49711
13534
29725
7363
7368
28146
6150
49137
26705
26165
8816
12674
4636
23185
6362
16599
20372
24123
1044
28430
45233
4915
45666
24688
11270
42949
35626
25712
47998
39221
34662
4648
9440
44467
20209
16674
48909
18499
37596
23922
36927
26123
3509
19557
29837
30940
9685
39760
8799
41473
46808
25204
40247
24094
41966
3201
20872
21042
32592
22952
44033
47137
43020
10938
39214
6215
15357
3986
38463
25077
2440
21817
24846
26998
28318
27473
45130
1166
17478
38758
45322
19177
10867
1473
38127
16041
47899
1825
14616
21716
1443
20440
39709
24881
26037
23565
19469
44879
15047
23399
38061
12401
4988
28934
5981
38104
44743
29963
9948
11645
13071
28684
29222
9281
5254
41383
25145
40920
14249
2318
37875
6712
5761
9369
34892
12510
17708
19733
679
16391
44305
21614
36890
5691
16625
5809
24606
42935
15945
41129
3426
6952
12684
24348
23297
1609
41640
39141
31715
12987
41822
14236
17689
18505
45861
21009
41362
46810
31652
29673
40664
47901
12769
11351
11641
19050
22229
34467
19203
6424
42097
15866
47168
24083
29842
4834
7240
16051
4231
29446
34255
4896
44177
6043
26646
12774
3237
3138
34831
8543
42886
33260
21777
45393
8322
22008
26186
32119
36334
28616
12306
40462
34051
30718
44861
22336
12644
31976
49954
31144
31064
28980
39801
23699
1138
36217
29419
11612
24154
13174
19278
26803
28315
45408
45247
46859
7411
6820
23287
7256
48121
28671
5049
4797
24789
49303
47839
26395
27789
47725
42853
14441
1057
23477
42127
44062
25987
12632
39039
22716
42892
46693
38277
20832
48421
15194
31991
18490
29127
30450
12035
22187
11741
322
38692
39575
28781
38764
43905
34273
7868
48839
42505
29562
32652
43456
41438
26956
43653
47709
21808
38919
7941
9256
22040
5332
34482
11582
10190
39014
46359
3498
512
43199
13281
10515
31049
2458
18938
47371
9316
37430
1810
4268
24273
35456
11609
48327
37724
18979
43176
42878
2361
31317
24436
37408
28247
42808
9576
21854
16742
28080
321
27221
44389
46783
45859
44186
20302
24596
21655
29979
46798
39778
11995
12658
25088
14515
16591
2360
48319
20154
36955
4991
354
45117
18739
5597
45205
46656
42716
6846
1459
45774
9355
8593
43949
45634
37964
31408
2903
38178
26268
600
33546
42052
31321
5746
34431
23706
28104
46233
22524
38740
25095
48436
17314
2897
17082
46067
38782
7850
46387
35893
32363
25560
40708
48346
27237
49295
6912
38682
36276
15425
48785
40255
42452
25059
46736
29079
24
21384
21438
23244
13404
15549
2721
16431
39117
10573
9138
1460
41471
31972
19988
34987
10115
12387
32969
23786
34845
49350
25157
14257
48403
39762
44045
5354
19099
28105
42723
21826
32748
33080
5733
41492
16882
7644
25592
14593
17403
23997
38455
23401
25636
16863
31291
38028
10136
7610
9098
40368
47218
32883
2128
27377
49410
21451
31746
37108
22407
43297
11659
27115
49685
403
48076
20530
14796
11757
2693
49891
41049
11849
19237
30387
1882
14001
19419
1298
7275
8461
35908
28043
21001
30068
35300
11577
36227
48575
24089
28914
38031
8220
30111
14239
41950
8298
3324
3783
21437
37502
16310
48892
19566
41947
15155
28664
18612
7103
9204
4022
1560
18156
37943
10587
37097
40019
209
8281
19467
19707
37508
41562
44819
20889
29223
46235
38062
42220
11925
42643
21278
6485
29698
48373
36355
30878
5133
45599
26098
10651
10892
16367
23304
3739
20596
45272
4571
31198
12882
28263
16766
18321
6009
22190
41216
40280
31037
47688
32527
37485
292
2735
16561
18219
5228
11022
10684
7440
48358
2657
2350
43050
28037
22711
25484
21367
8234
49346
30473
26458
48230
13421
27936
48682
22197
22097
34324
48533
44881
22120
29129
47907
9782
28028
39490
1535
30318
44323
29523
8584
11854
24249
20096
49507
49699
35749
45876
48928
38374
17035
47697
42450
10655
2592
7405
40086
45906
7680
42119
12533
33927
43021
39852
228
47401
11154
30670
49799
33660
27522
34917
2991
4689
9608
31960
42134
25282
26492
3280
46706
23038
3167
2358
7273
34000
38092
37639
46577
27726
34
9323
33763
21602
37044
25103
41230
28938
41771
19362
8635
9211
41774
10992
43945
24744
23526
49943
10983
30041
17468
49675
38176
10779
30305
3410
49479
16735
9295
16868
4416
29923
5486
15220
3944
10750
41850
22554
23851
26807
13297
29578
49624
20894
5173
26508
12629
21722
13909
27117
18301
29237
19447
33078
15638
25488
43324
10585
11132
30070
737
47793
11614
32465
36577
38740
45733
46870
48723
21517
15761
729
35320
37993
41141
21472
20556
44066
27924
16303
31212
49604
43516
37176
14362
20542
29797
42057
3478
45165
19401
48518
7061
17193
25842
42838
24989
46286
6016
23911
43223
41914
4362
36325
27785
48103
47758
38296
32411
47628
3039
38749
44880
24389
5045
28076
44533
47837
49973
2634
9697
32685
25827
2383
38684
43517
23788
40965
24911
9219
7659
37319
47613
38574
20040
26136
16621
11985
174
7263
48738
6904
12233
40663
38278
47600
3024
31228
5510
38884
42253
43129
30625
14247
13732
16478
1708
34569
25681
44917
27557
7901
43246
12643
37938
20747
46238
42565
32383
16120
7527
43841
29414
20667
20363
38983
7011
31430
15477
44981
25009
2873
21476
43319
49038
37599
26464
14393
4742
43988
21686
18131
13930
21777
8096
38819
49050
26731
17992
16042
35914
30813
36014
41080
33132
45919
3350
23533
19746
1924
4795
48829
28471
40523
44571
27605
21219
42400
34015
48382
33586
11217
26254
610
17714
26233
8240
36594
38312
23313
16871
45511
37419
26871
30923
22721
33018
19787
34642
20221
4826
49011
35050
23713
27914
7838
13912
28742
1920
12450
14077
25608
29426
25858
4539
22041
37036
45692
20486
11422
20238
47536
1195
26938
32982
22873
20943
15871
12044
10866
11602
7180
381
16602
26238
17229
33598
22999
35828
39458
37474
35927
27853
2590
24254
26528
174
45293
9552
26265
1864
31910
13004
23276
6048
1346
27061
23120
15889
25584
43098
19710
6312
43957
46223
5519
32134
43644
32601
16949
35949
27029
44708
17760
40116
26013
24454
24101
8523
18424
19384
28467
40532
49140
49505
9528
48779
17671
12851
22349
23932
25805
45669
11953
18074
13260
39257
16507
18889
42638
40195
27126
19077
21933
47370
8433
47825
22568
3778
48841
1278
678
4604
22470
42270
35135
30082
10725
40492
14136
32226
38351
25020
32026
20785
23977
34349
45938
47653
42274
47037
12229
27728
38067
23116
30083
19605
33915
39182
27715
34884
38930
35932
29981
2962
26823
9446
48394
36591
42161
20015
42055
6333
37945
13796
33895
48750
44820
10385
44715
41752
30412
24447
44034
33921
22588
23920
31917
45506
45219
31446
10292
498
23085
44212
4847
1351
13526
24749
5785
11544
17039
264
8155
42569
30240
35937
19142
35353
23831
9471
25178
7136
14538
15880
2928
32469
19216
7598
22080
13331
3089
32798
12656
2700
10560
18176
40756
40534
45945
14622
14497
31591
38614
24304
22121
5825
40474
3573
21264
14470
37555
6503
11898
30805
39719
3284
18611
39446
43196
17138
15756
2405
12122
15957
23860
42249
29455
25267
37761
29995
33099
23841
10353
39677
47995
26381
3068
49092
44741
13708
18114
32135
22771
38366
38015
16351
36934
16517
44991
47217
14569
43087
12601
44059
29407
15843
7766
8846
8602
44438
25763
21245
786
2787
49786
38546
43015
36659
27423
18955
27879
43568
18066
37006
38966
27223
27560
42415
11003
987
21878
48161
32593
38562
13519
12483
26810
42192
37587
22213
14148
24847
14605
1873
48267
10094
37974
15294
32548
527
43153
46026
39457
1109
13064
45901
42749
44215
27027
23558
47745
2520
37477
8301
7670
28292
38634
36399
40567
229
25776
26720
10534
48590
25053
14041
35615
17370
37229
8097
39534
44811
8392
37880
2722
42858
33060
22128
49106
13085
36690
10201
31433
29559
43213
7333
49200
42012
21520
30055
1126
39078
46534
7036
1751
49025
27780
34119
33195
35686
11549
7184
2227
39371
38995
33540
48238
37342
40737
49085
28007
34010
8181
35584
37845
45387
19338
8373
40722
18484
11010
15234
31103
14638
20672
24310
48007
34143
33442
6571
8218
24956
45041
4370
10335
31176
21936
49835
17504
8620
30821
23052
47438
33540
27996
24199
48233
14269
42867
11106
22021
27462
39677
43392
2280
40792
22888
36191
48868
8107
20559
9183
4249
14479
23092
47044
14
7777
36595
6330
27438
45610
49462
8258
1788
42166
23659
37639
8086
31828
46730
11238
4298
18696
36088
17403
21311
31692
48198
27776
31603
21257
34682
2330
16344
9560
195
43921
3945
36465
38701
5926
18658
24530
44820
14334
33464
10779
30240
31918
20595
34945
47208
49764
42299
18669
40934
37833
11690
48363
27393
26391
16611
41672
25377
33000
27181
10321
11354
18842
19853
29624
22365
16425
27424
27923
15328
39251
33467
24961
25306
11807
8337
33081
29607
35538
3330
8579
9516
28634
46810
13992
1626
36899
4046
28602
7684
49444
21807
45365
29737
19537
46914
45357
41570
38576
28573
9804
41334
11228
21388
25190
27430
4045
19236
15930
49024
14041
26214
25653
28728
26746
19684
46332
25841
1251
27927
860
14589
37599
9158
8030
24285
10639
35216
34516
19351
8072
31924
6377
31444
33336
44759
23834
43945
43564
34767
42091
15934
29678
23937
9506
40597
5333
10566
41791
15346
5157
31451
40067
17589
30916
40235
47914
792
2467
45697
43206
16420
13832
2873
7689
22425
10079
17444
46093
48245
22195
18217
24275
33077
34262
29440
42024
49501
43930
21029
24449
16995
35599
12985
29291
35055
5774
5422
24582
42943
43854
35926
38297
18309
34248
36445
7859
17224
16049
47561
16728
26536
26968
25791
15729
47966
18816
2098
8916
26354
18414
26150
28730
13936
38669
43250
3109
41694
3508
22069
36738
9200
46533
27589
44802
10725
38699
49152
18412
26549
20978
48063
44108
24329
11118
31196
49592
42900
14970
16742
40957
13472
48487
26136
1235
42173
48442
11
16066
19002
47597
48021
23184
867
44788
39201
49862
4242
8039
914
1624
44339
43060
23045
30884
45389
11072
49245
35872
46982
43083
47376
17322
9407
41590
33072
39411
19468
16182
6936
42772
44024
21492
12011
23248
22197
19656
10123
48400
47206
6548
47553
23361
44834
38463
30299
47963
27023
16345
39951
18749
46253
46962
39832
39016
37450
30523
13501
12182
13684
10577
568
43186
2107
24586
2990
48384
21278
47788
26996
28785
24171
29258
47793
1512
29508
19110
19611
41494
28422
38616
41433
1115
45645
17879
15310
16564
1518
14899
6534
15231
58
48108
11075
36138
11353
42034
36929
6868
30359
31863
41503
40566
32945
37951
3001
18537
2002
47061
30294
10580
28349
13504
43931
32620
8821
22213
43672
2234
35300
38904
33990
43415
17507
44453
30695
34841
27458
12917
18764
13034
2953
39670
17145
44807
26972
25720
15236
9409
6739
30569
21875
990
22072
35546
21408
41560
26446
32189
7222
19500
41987
10093
32859
48862
34077
33214
23573
33239
20877
9043
31798
6025
14190
26927
3508
33705
36329
32995
38671
15847
22126
45702
30004
25987
41448
35460
2075
17484
26162
6022
7626
16841
20865
37479
46797
12989
8222
24885
12688
8542
20546
28097
29660
20089
40932
22985
46990
12588
47647
19761
24886
27569
20633
30878
5525
13785
41254
30002
26308
47228
43966
1974
22916
18775
14288
7476
29352
26584
15615
40552
37973
44810
9740
25047
11108
44176
45558
36457
38610
27819
19059
31813
48742
35633
13265
19755
42569
18290
21465
38526
39270
31473
10713
1418
38460
18240
8524
25926
16820
38044
15400
45415
19131
7904
39508
17472
1600
6488
25688
20538
24845
47475
7260
23212
48342
29180
48118
26815
46208
9682
18975
8335
38948
35536
29809
45601
43989
16207
17764
30979
42621
19255
14976
36857
45023
3104
2807
41951
37905
31313
37788
25247
45984
47520
43404
6787
31757
35082
49721
5336
15734
35695
22480
13117
7872
46272
10437
45225
24799
18631
9217
35867
30917
49619
34823
42930
45382
3280
3836
15194
28681
31446
30328
1962
30102
3963
4113
222
11652
13786
45454
7024
40886
35110
36589
27192
23657
20623
18575
10124
39214
11445
17767
5309
18945
11349
17646
14780
42280
6542
31677
49415
28698
26073
10395
5472
42137
4302
37704
23601
16263
27858
43369
18256
13720
5976
25500
46245
34047
43466
26130
18760
20025
22689
8107
32031
35193
32695
18378
40112
46714
8041
31316
11847
22009
7031
40072
28128
28003
44768
13169
19129
21880
47542
9872
21384
220
49421
19714
16849
29955
30319
49088
3613
41973
28675
33849
34117
39294
45636
48093
36773
42370
47030
36371
2304
32602
47547
22677
1720
17000
46
23327
32925
41488
18396
12618
31626
30745
40600
41693
12485
29810
36139
2966
27392
3634
48292
10099
24859
37951
41509
1980
23769
3886
12710
39627
15296
9965
49760
29359
14424
29856
25580
27748
8379
8305
45748
43066
13244
6627
23036
28584
49172
8706
15374
47273
8140
25328
37762
26608
17246
12595
48507
22028
46829
19295
17909
47645
19169
5944
24103
4954
22102
31274
5788
16866
18176
32477
25245
13839
47898
9600
36492
3669
26366
35663
25322
11097
44753
27435
19301
1003
14762
16671
32706
5562
3782
20382
37950
36995
24016
46730
1075
34406
35264
14700
41238
2036
18503
42078
3004
19747
12090
19974
37440
37470
14871
5688
20129
17278
31806
2346
8062
22572
35807
20848
11360
6909
47874
3397
1369
14764
2799
45107
24877
8648
36584
45409
25335
17200
11106
37666
48861
3425
9975
21660
33858
28815
23233
19326
31696
11111
44984
49801
32577
3152
8437
1266
340
33897
31323
21499
8593
37081
21452
49262
6041
10631
3866
15612
6781
32679
34936
34331
18830
41026
35473
2120
9429
41528
7952
14443
38035
11051
25425
45285
13065
11149
18920
42699
22822
34301
29997
17560
16298
8527
19001
7432
9108
41231
17786
44056
7529
44395
18853
14119
41249
5921
9951
42366
28058
40889
21746
1884
21730
10726
17656
5783
40664
23272
49820
41168
36132
3698
11525
38279
29515
39540
15839
12721
9916
21707
30465
21680
33929
31605
6496
22327
8139
42869
35385
6113
21404
22923
46062
29958
15837
32768
4255
8818
30504
9411
32492
41657
46436
286
37744
8875
42404
21938
13448
4164
30526
32813
43225
4947
49756
13464
46435
37999
30655
6387
13520
44543
322
29648
14834
26208
43096
37145
16510
31243
42721
21397
9303
34877
24582
31127
21179
29487
27189
5011
24461
10744
40559
7086
1584
18020
25430
707
27890
1072
46545
6387
16685
10846
5718
20974
5467
21202
15988
45112
44978
42306
3905
25541
6061
26357
29992
14514
5251
21544
48361
9931
17569
25059
46785
34374
9011
13241
29920
16360
30702
13715
4506
14819
32022
43567
9921
38933
25299
40013
17303
3859
23876
29275
19888
1832
44981
750
29309
8396
48512
19250
25045
31960
175
7162
18294
10951
21750
40434
44642
17965
48502
2560
11140
32779
20172
29935
47867
34977
40868
15114
17130
36989
47338
33735
35780
30521
21064
25486
6094
40513
43233
45040
18623
46940
8486
30824
10550
21057
18786
13914
10446
32436
5928
30684
44210
42020
33546
20990
38192
3407
6869
27572
21397
29288
43526
24648
29920
15571
28578
26242
15269
18388
27392
2543
48323
28996
49165
9985
8013
39636
49670
22327
16779
22233
35212
34294
39105
16933
10706
3285
21345
27861
697
32441
13211
39914
810
24682
6092
8279
14792
34746
5209
8046
4425
40719
5479
9727
4810
11225
39035
3706
7520
19194
13352
40754
27657
9176
1192
721
25077
33011
17408
46741
6702
29474
21526
7295
14577
43508
5860
34769
43395
45607
48399
21350
43590
32314
32941
11401
44179
23019
6146
41095
6447
6277
41590
36063
10459
21830
14779
32461
10795
42671
7331
48696
13427
38221
24060
12232
26540
14353
25551
43872
5362
31673
22730
10316
7268
33076
48961
18446
10076
11029
18390
18853
40560
44457
14163
23631
42010
17185
44982
44745
36494
23997
17888
47648
12738
37643
40313
15725
41053
31135
17171
45053
29922
32231
10936
39214
46098
28681
46835
43135
38568
13146
9270
38401
1638
10641
1513
10594
38973
13786
5377
42006
28609
16397
46034
16661
16161
37726
1419
42193
27532
1653
364
10337
15353
35908
1714
26435
47642
2852
18807
9377
21842
7806
39732
360
3918
2365
3670
39048
29221
6166
19570
36634
26629
18457
33783
11967
26303
4996
14328
217
36087
18345
28505
13089
17297
33234
4757
8784
2887
5953
29143
33888
36422
48639
20764
19321
1591
24630
34449
44660
32345
31298
37957
22176
14462
28377
19696
16440
41465
13643
9205
39084
30063
38719
45635
16975
33490
30910
17465
21308
6062
35195
38063
42486
38418
14984
40233
39100
16614
5252
15349
17300
9639
8216
28190
40514
33760
4256
6886
48802
42963
3747
1368
46047
24378
25940
47535
35798
25819
25110
12992
43167
19118
21718
4636
3965
13528
6351
23130
23525
39004
38217
38216
36593
28844
19327
28239
13743
12735
39499
31031
32698
25233
11912
46037
5997
37579
6495
3830
36097
41987
43926
42754
15419
16308
26071
24542
1263
7870
32541
46061
34906
4476
42771
23824
16906
44173
21298
12562
36015
27959
4894
5506
45302
15028
38787
31021
48632
43298
24210
17235
47828
44706
14820
13478
21663
26414
37381
36198
38246
36984
40322
18147
31652
27544
27106
30023
10239
1696
20013
41067
3488
41246
13206
32521
38582
27022
39016
2618
14460
35421
28357
7655
41213
1118
48016
42507
1211
42315
40519
41537
19979
11852
10157
3364
19551
2379
47580
45181
1558
13195
39925
21186
21243
35504
2623
31787
40103
48899
5477
39053
22083
25656
44289
39794
27666
14904
32131
20663
47485
44164
30545
25967
31385
13273
35272
25285
6220
25118
42743
4622
42835
31999
78
29334
34497
26687
23548
41569
20085
11836
34518
744
40515
8010
12195
5432
37479
36660
35110
9736
32562
6916
38761
5774
46822
43894
31410
40896
21993
41340
39482
35934
45526
47275
17498
42288
6998
37515
621
10684
41206
47881
6723
14268
32999
30084
24357
16212
24802
26544
14218
48559
27547
8686
18842
1308
21044
24369
35307
25566
17393
44789
33985
10290
14951
27102
4488
7746
37502
44086
27886
29883
21455
26341
8246
17190
29237
33466
47538
7488
46177
28180
4734
16107
41684
2224
17962
4619
31262
40561
16837
4721
34453
34265
48016
36434
20717
39594
46473
45005
42643
7664
3010
16973
39320
49431
47481
42991
22326
47720
37487
39905
2554
8658
37898
29754
27501
14844
15418
32454
10206
42309
7509
49871
30193
21753
27013
72
8052
6823
20553
11433
44880
42143
4224
5130
12653
34357
29322
3031
40913
14108
34336
31208
45272
45963
43973
31385
1484
38068
21835
34338
23878
29418
41619
34133
11167
6138
46496
9740
8969
46379
7403
22435
43830
44316
23329
47732
32643
34461
1324
42634
49253
45894
24556
26200
45527
39930
40933
44857
27605
8509
3272
5187
37112
22206
30750
9510
13763
14147
7099
14668
44339
8522
1286
46828
32093
45998
27617
7224
18270
49980
13871
24010
49075
24772
49780
34137
10793
19600
39094
4305
22766
39085
25506
10411
27025
26690
14736
36256
38165
13268
37904
15326
2415
15800
29412
16323
31656
41746
18257
6258
13092
48091
2249
16283
2967
47693
32191
33052
1933
4915
44163
11209
8078
24470
37031
25167
37468
318
5571
44622
12078
42920
38415
23570
11432
36622
6607
16781
4586
45859
44207
29883
48280
49156
13530
49565
9563
16199
10583
42534
6873
18020
6017
48503
9693
46860
5221
12679
7968
32545
40773
1868
34712
10182
2224
14456
8883
15524
32330
26607
40700
45167
12581
631
38403
48855
7540
9146
33248
26167
8975
16626
41555
35091
9507
33037
44856
29399
27396
30520
30881
13158
46706
21249
16517
10166
32509
14862
1680
34183
22999
41116
13133
30081
10935
30213
13658
29920
36656
17108
35662
46860
49908
21173
27651
24978
1415
43096
13895
36708
39695
15358
39438
8038
48557
40092
3398
15169
15840
33785
35750
48312
471
22811
31077
5449
19621
28144
14653
36355
2884
33864
48925
3584
33297
8914
17767
8173
22200
16260
38046
29464
29610
6269
36774
22668
9458
43032
3068
44870
4808
6043
43758
9525
11616
35462
40225
49879
6268
13562
232
37264
43756
37537
10270
46446
16350
44992
30404
5789
30308
42517
9619
9711
10138
12501
43075
27298
39667
4337
38475
24477
38767
30836
32047
2461
31664
40284
29971
14457
2898
13771
38049
46758
22127
26444
38377
29135
19658
27027
12201
2469
38691
31938
34793
26588
21005
7018
27315
45429
22115
31788
44790
24948
29792
47129
25494
30693
41234
15315
48924
49721
16206
29806
41196
16472
41571
5821
47731
14192
17354
2402
17344
2509
23663
23385
28145
43009
18100
41093
46484
14571
44179
16873
48845
753
23953
20902
38811
27498
27535
31496
3793
9256
39655
34485
1367
10758
18890
11469
24881
44695
33221
3508
3657
29694
28984
34786
824
9565
16580
41079
13027
3925
16040
49309
26140
9702
10807
35189
45139
12190
32658
24352
26154
28337
45531
18306
1078
21494
32217
7020
16109
42461
34697
33423
22455
34172
39069
7646
19641
15345
48785
43226
19767
29914
48464
8079
23302
3733
11406
26021
14693
41537
32436
45775
39612
7966
39432
21028
25633
15570
46430
8540
33414
46029
39212
49317
35678
2627
17631
16521
30020
221
42833
23470
19635
3065
34175
27426
1719
31544
28322
10532
44304
13140
38985
25204
1241
35602
17097
44093
17938
31577
47169
23152
42107
1780
45020
13310
12993
48880
15452
16340
13662
27034
25610
46092
9692
29129
24841
24523
43413
29198
7190
44982
23007
17074
4029
43909
30612
10252
17684
18935
39459
2790
19152
17179
49705
38441
21178
17657
35964
31219
3179
40872
5856
28030
13452
49928
23156
24547
35039
40326
20696
32166
13458
37745
45934
115
39495
48472
2510
30862
29379
6123
47437
46343
12902
25926
13653
4313
1800
7181
42813
23526
43448
35846
28319
15418
10214
20451
22517
32960
2473
34698
32266
35955
34468
38997
440
37823
48506
17778
44226
19881
30854
47203
37834
27700
5768
39775
3539
34690
82
19641
33432
33353
25251
33632
17880
22571
36640
43009
7057
23068
44331
24506
19073
20759
32944
5590
23942
25604
26824
42591
29540
32506
39267
6964
38545
15718
44969
34114
1322
2199
45779
23332
4379
42987
30214
28550
44082
22148
43714
37735
15063
43930
33719
30207
7249
41694
22591
32008
27600
41427
18292
18252
41093
5319
39893
32209
24749
16213
47714
23385
20895
23939
36063
8835
31343
4862
34510
27762
16244
15250
33907
3212
37245
21201
25419
17588
40389
23479
12131
27731
27888
27537
37552
23353
6040
33192
29716
30746
17502
45106
20554
38766
47609
34529
241
41787
28388
13160
6507
42179
35833
37916
13218
24806
40838
38432
28331
28805
42098
39870
31030
19256
11024
3402
20146
8333
39485
5786
28834
20086
18291
1284
18810
42776
7765
32966
37434
16621
37661
29771
49633
16751
14889
1447
34097
48162
9121
25298
41051
11780
8295
8164
47063
2739
22299
44460
9076
10467
38810
36123
5839
43157
30024
41826
18839
7898
4861
15584
41540
10699
45877
39635
34586
30581
30177
3252
3179
34363
31009
34075
3309
48478
32977
15251
42176
1094
13833
9122
22967
4346
34777
34951
8208
537
43774
36758
10168
8737
21994
25422
49138
3232
4677
37027
3360
13015
2977
5546
49077
6848
2872
33665
4150
12380
13754
7715
17387
48314
15061
34748
13899
49981
24328
6974
25855
32686
32170
10179
3658
1602
4844
21706
27881
17999
24553
11446
45599
23156
41201
27157
22005
30002
27222
1466
36790
47188
20623
11314
48576
25049
27632
18084
43012
45582
13362
3483
17120
35710
8530
30081
20158
17611
20381
39129
25042
46824
46061
14441
13793
8157
44366
20187
14064
9303
26822
32776
9212
41752
17920
44298
11722
30990
36639
25286
9601
48155
3998
60
33888
30320
22448
1584
17573
23025
13178
9841
16140
21298
47387
2640
34186
35534
3876
46988
40126
19927
25878
21458
1409
10246
16528
9091
12223
12740
19668
16195
4379
18991
5623
23255
43169
17518
34932
19441
2624
16505
40636
35846
26503
14209
13200
38309
33131
7464
19358
20782
20218
534
6232
1737
26203
17523
9040
42628
27269
30664
8364
7791
6634
43364
10636
169
7405
4490
19378
49556
40618
33998
9014
24111
24146
3047
2665
39524
42156
28904
36920
47603
39489
8499
44456
27239
48489
23559
44785
44054
35295
12039
8433
6117
1339
42122
6755
26190
37820
30009
12297
10184
49931
9740
11775
1873
4761
36618
45744
14470
8871
40674
14063
11680
38469
43513
33543
41998
5870
46452
48418
31276
35081
43185
31751
19972
37978
23481
832
25837
23520
20664
6898
16132
17879
25701
32546
24453
27814
16925
35462
42143
9999
4198
16102
1543
5326
19853
5687
28072
17502
24315
28368
15270
35948
34088
30513
39869
25315
4319
22833
5164
16624
29584
29402
18457
24699
139
22773
47297
25589
37348
41038
34004
6442
6571
48845
7172
25004
16604
33276
18531
40126
36137
21439
45847
36577
18805
49886
42369
27459
34480
21125
20666
16538
29396
28427
3950
45338
20990
24802
29894
49509
32904
21202
28215
20661
1313
6797
44067
5961
29751
20370
17883
3749
40715
11282
32585
2553
48561
2902
16077
17113
26761
31528
19551
24086
37673
30090
27321
2944
2383
22865
30519
45809
621
41378
14813
46506
36441
34197
31362
28596
36241
12783
49633
40261
28777
36218
46795
21905
37649
13858
36416
5688
37717
27064
16706
10753
3021
6182
15979
23554
5173
28866
37087
35489
37345
47439
17915
17556
205
14397
10653
13867
29093
1854
2709
21530
49562
17735
48674
6189
27583
43548
8864
24205
49955
31885
46232
34396
34250
12284
30897
48901
14611
299
20793
14029
12517
13535
44012
7900
39180
9275
18877
49796
4879
17036
17801
1029
16589
11324
39090
13159
8276
13827
40762
21475
2038
32893
29477
44486
23193
14523
40491
27003
41630
29150
47088
1169
27545
36899
47912
11637
39803
9970
5117
15776
45672
15355
25782
41533
35695
4596
16337
47979
30884
33163
28396
22654
10279
48134
25038
32792
40405
89
36771
44884
1466
42734
22237
857
10156
49315
48791
28221
48251
4681
4629
47759
6554
45886
19639
35763
28257
28139
40540
9439
46849
35363
46044
5085
27547
3497
17648
29997
21297
2981
11302
11468
19090
12723
23795
31458
15549
36176
12856
6315
35597
40762
3615
14040
20984
8929
34874
20485
29878
37063
7232
8286
42823
45870
6690
31304
4570
22568
23052
39180
45368
16719
43651
22999
32190
35692
13492
42744
42316
8386
29738
46683
16282
27295
4825
36133
41533
15758
7033
16559
24656
38274
44562
13578
31588
44223
18315
25943
24429
1402
38157
44014
29275
6301
9235
36064
751
42083
7421
9532
39189
48868
45905
24224
22468
48956
49875
33036
15484
13300
17487
15650
8132
1224
26084
47747
31452
14716
18250
26799
6575
43254
36963
7015
28977
9288
33662
34902
40780
6460
31829
35498
2120
8726
27984
11602
22124
6556
49832
40389
2190
46588
36557
13088
15603
29227
8193
46891
29250
35780
20105
19189
20215
28212
22386
10540
39735
37166
12260
24341
31654
6391
12829
27262
26003
40776
23514
39042
38768
12481
5490
33824
22098
22325
8089
34182
19526
16422
2316
29366
35021
11813
38767
14675
48035
36409
30257
23011
28594
2036
36708
26616
7183
6038
38901
8426
4149
26362
31415
46133
19160
39397
18901
43207
740
7035
11153
42886
1878
38704
18566
32806
12875
36294
43956
3482
5095
28514
8395
38696
33892
20154
33665
16611
7512
27742
29714
3893
14368
33138
29470
15561
42044
469
5243
24264
37979
2924
30214
10922
19010
44111
37750
29654
31154
44156
46070
34281
48434
4218
15878
45920
21684
7827
29675
15189
30742
49343
5352
14141
3828
22523
39139
9477
38651
29624
49104
28510
31824
34923
49230
9661
5273
33578
14431
28116
31372
9255
43583
20861
32288
47807
10187
48620
34765
10545
8890
33736
35778
5490
27837
9769
40315
44526
43178
7997
20229
13556
20709
43363
17911
5848
46795
38047
11703
44339
1951
17619
30255
17275
35722
46368
26385
44305
323
33350
2829
47871
23675
26806
21499
24262
36676
33014
1658
16257
34189
46116
48151
42948
26971
30548
40138
48937
42840
30682
44113
17305
5312
43299
17157
13553
10505
41243
37264
19916
22834
49210
1618
14977
40602
12966
769
12422
26900
15318
9176
27184
3190
33568
47257
39851
25684
8095
49772
45306
12360
15770
45826
17083
9214
12202
40975
30528
1259
41713
45879
16849
15790
23638
32801
23321
43560
36753
13544
28146
7320
6079
41876
41900
11287
49705
38356
3274
1141
828
39920
35577
24097
8598
23416
18979
16942
27489
12645
9309
15305
42185
31208
11621
35862
24121
13461
10774
31827
48825
8242
42793
15082
40864
28683
15823
25793
34107
7562
8535
46479
34447
1045
23032
36667
35691
43693
12440
34620
38377
43928
21067
47098
1603
47369
41156
981
2567
22488
21700
28470
44228
43007
36967
43438
46380
43801
5197
19245
16020
1207
44021
46874
14101
25677
44344
26030
11508
30097
7663
3517
41480
34788
49554
17767
46888
43131
6359
8067
26010
196
16083
20917
25253
7418
21794
22618
9324
37526
658
2048
39528
41584
15516
20451
47544
10763
14815
23601
18195
37741
2269
40516
7479
43853
42636
8682
6966
44522
22881
7155
15546
4849
25193
27836
25606
48113
1915
40506
38382
13795
7261
19036
10549
23650
37919
12226
18800
21982
31605
9110
21892
3440
1132
6428
49598
1068
46159
48037
17254
10650
22769
592
19436
49002
16105
15195
22982
11651
26479
10035
2919
48552
22502
36063
36352
3773
7346
29793
32995
39731
31267
24709
45298
5221
16473
26072
3605
39628
5829
11667
48349
45205
23495
31620
4022
49150
33576
8836
45941
7281
31855
12571
15812
46295
43793
6497
24132
2441
38226
25639
19112
40484
2074
49212
29983
46799
40301
16
19818
7322
21616
33252
11582
41792
47881
35250
38404
39197
19944
15823
25586
20958
22344
5026
15363
216
43113
5342
47668
41602
49967
20177
46505
2382
3845
38197
48556
44133
48140
10665
3844
33335
13789
45782
18551
44529
14604
27494
4355
13233
9205
42297
25544
5669
29817
49757
38171
6501
35948
49687
24060
10792
38823
22428
22727
36617
15969
37033
19391
14564
8087
16807
15120
24456
18061
12205
31339
19075
35972
31309
19164
32122
33116
27528
26358
29389
24150
20989
42082
6677
16378
26158
18152
3058
46128
27631
45537
10072
42929
19369
31803
30812
40340
32927
4576
7175
18965
13921
26305
49543
17119
497
41140
13621
30252
47
14777
36571
8965
24428
8486
40479
36456
38703
40013
37088
8540
39077
42607
29912
31012
2753
380
