38583
43696
46424
43342
39484
1516
38773
17596
22309
21528
32040
4234
2929
6451
30491
22344
22892
44541
13538
10686
29763
15492
8016
26849
41362
36841
20075
44151
22065
12690
15887
7905
5664
192
36289
17316
46220
16011
36900
30898
3495
23821
11708
17902
38589
40698
6587
8006
34868
19207
911
43808
22812
5467
662
13354
20115
8293
5767
26345
29192
38714
22614
16489
47943
35916
37716
23960
35824
26150
34442
44873
32650
37046
5114
12289
29775
7355
42354
45631
32151
25441
13720
18573
38964
34244
31293
16370
14744
44985
25903
11490
26542
23638
41835
19128
12947
48055
45572
26012
38228
33
14376
18070
27926
15418
20734
17264
2129
42740
14669
1761
39635
25435
20684
45885
24508
27177
17186
37544
44166
40023
12512
38760
16796
20134
16457
23965
46994
25339
15295
35392
34765
14419
2229
13611
7910
21086
17477
13601
18307
42331
26162
40120
28645
16356
26630
24174
10249
19050
45062
1712
12132
33635
13313
18216
37607
35960
11365
3720
10956
22964
20066
30945
28457
5622
41255
32802
36067
30994
35512
26490
40012
36505
15968
31754
23359
36655
19683
31222
43823
49330
39253
35831
30283
39660
43589
43564
22548
26339
27993
46314
1177
21420
13867
48714
48349
30242
30613
4146
43037
31738
27022
25489
1048
3674
1926
4500
48294
28319
20814
37217
22851
2112
17105
8407
16692
33117
13226
44060
33516
11760
10755
49903
11133
29279
3116
28264
26732
44845
29226
43255
45431
26348
29936
45271
44116
46871
18670
17480
47130
24747
32189
38472
665
37060
25732
31023
19357
13307
8190
47396
29946
17489
32045
44761
15269
13481
20983
4943
46584
15700
49243
4381
22277
12065
44795
19217
32469
20530
13775
7923
6397
4160
41079
12348
16292
18256
29809
20372
46003
37599
26981
48735
9501
28927
22316
19166
9542
37410
27294
14580
25738
14449
28998
49619
11366
40235
21608
19981
8268
24926
22776
47022
13298
5856
185
19461
3415
7429
20111
33007
28428
14765
15133
47139
2558
45271
2109
6152
44363
45644
30309
11134
34037
36435
1956
46965
39847
11023
3020
40525
25805
40188
25653
21317
12006
15194
18893
47289
40579
22099
7102
9562
46345
31776
24873
44524
44578
35200
19781
20042
28055
46896
14889
23377
7830
35786
4756
5218
41739
19412
893
1321
18661
46001
6100
17484
11416
38374
27661
16573
41113
18259
19327
26195
16759
32439
13034
32067
31291
43369
41063
8880
13840
15945
47925
668
49116
38657
48335
25660
23242
35583
41605
7688
45221
44443
11159
40571
40597
20806
45646
21068
8075
10250
3664
12229
49213
33750
30319
17019
23255
9156
16741
4203
20518
47262
44100
40909
3014
3063
3272
36898
39138
32030
30424
33345
18694
48343
35549
21627
21641
36233
22329
36628
39571
28447
10201
23177
9593
1946
40646
24359
46291
7376
13562
25229
27443
6412
49141
45746
30345
42054
46406
29296
43454
35962
18125
11864
44877
32156
4288
44606
47601
39153
18774
35770
11110
7893
5651
40785
38933
48858
30712
28059
44873
34214
30033
2058
46868
5245
48460
15541
12924
20410
28313
11265
38329
39087
14019
32748
3867
47884
14080
39499
26447
29936
34087
16601
17028
38607
12405
13726
42062
32376
47280
17260
1844
8564
5804
24534
22766
19066
49229
48379
34020
19029
12496
35627
29158
18012
21514
26933
32129
39163
27975
13024
40554
36781
41671
23307
2736
38338
1376
20999
16849
41130
13535
7264
19543
33847
35775
29187
7972
25189
26017
33928
3024
22629
6251
2982
158
6560
39813
42249
49131
32057
5656
23053
48840
11305
12160
5221
10324
6657
7587
2887
47223
20861
43644
17129
16262
22425
17491
23197
1818
36778
2762
28118
3748
7668
2322
5694
11958
13792
15681
26760
44745
3084
48642
15314
21430
14847
14957
20327
12480
33299
39227
15201
42458
22733
12450
26144
48105
31057
32294
17233
45557
49469
43989
7128
18081
8733
45669
32214
27098
15840
8566
16210
42907
30350
5548
20825
9552
25832
26657
37961
4414
37855
9449
38304
23203
39106
33965
12894
22794
12137
7581
1718
21876
16264
41976
2194
23296
8540
48236
8824
17131
30647
22802
45323
49460
42116
5035
44380
5383
643
27666
9351
23468
23290
21226
11597
23984
37867
10991
13618
21869
33403
49015
25567
24976
25628
42938
37122
34898
46826
48010
41097
8239
32513
32971
47247
10277
21870
41423
11598
46712
32137
25905
33125
16122
24626
8968
20593
22262
44812
4155
46145
19045
26219
7040
41758
37955
7849
32981
36022
12516
25229
112
26807
41461
19746
19937
9814
42939
47027
19824
10209
41355
8492
18712
19492
30512
24660
25775
2061
21154
7597
31652
26529
26159
28907
3748
28775
14771
33986
36480
41144
15558
8667
38764
48335
27825
42321
39430
40165
48906
18150
42289
29301
43789
16483
28633
25973
48927
47821
48070
21944
24708
27938
35223
15068
35261
2276
30248
15066
29084
23904
16799
4145
41091
35506
30880
42925
45702
12451
44916
19192
29039
34581
26898
36410
44135
24888
40200
1407
16025
5089
35458
41562
7248
17962
228
14607
45719
46592
18207
43199
7495
9681
23462
243
22099
11446
40946
22650
28860
18761
27031
34528
46612
30806
32682
42965
2970
38937
44607
21710
33621
9636
28159
39582
5064
5628
24946
31239
3451
4551
41458
37028
16856
25110
15055
20021
14355
1561
17316
42414
26523
39363
6263
43780
23488
2827
29262
17186
48467
48677
15179
30706
1199
30730
23087
39262
25582
7901
4598
47882
45370
25282
15205
41537
18982
33571
17979
3304
3263
6069
13202
47477
28559
19150
29425
35488
10372
37856
19121
35328
39591
14384
23716
22716
16600
48176
43885
47884
22477
31776
47574
33660
35769
44158
15694
12508
32629
25592
24733
44280
23745
41679
29077
5200
31862
36390
25775
10728
30632
18034
49212
30373
27802
6497
34453
13211
32024
48197
36408
28042
4249
47266
12783
35353
41911
31048
3872
22477
9672
31391
4650
25923
49068
25839
16372
14121
18651
38928
33913
29461
40797
866
10387
22687
48620
42187
49494
18230
17016
36869
31571
41733
9777
11647
26010
38651
23949
20353
5715
2695
12162
32894
33966
27818
39522
33572
25987
22861
25971
23891
14944
16905
22029
36474
6957
27910
41508
49865
1042
48461
23561
21602
3842
45492
42903
1855
1412
31694
48075
6309
3945
15189
33370
7747
28737
37723
44052
30616
38301
40147
20723
30611
42802
28256
47852
8372
17280
23409
29394
47307
15322
41883
28372
49541
13091
48735
34604
18342
11207
7590
40577
13653
16217
40628
2715
2597
9889
19529
30922
2553
27381
7861
25479
19645
1046
40449
6285
28058
10681
12179
37132
13722
16890
1476
23071
44853
26093
43349
37603
17300
10485
6430
27933
36772
44293
2680
45275
11765
14715
17931
5353
23025
20503
32230
46629
35204
13213
41649
21609
32930
6400
8083
41991
6253
34444
7683
35774
6120
30988
9278
8159
20721
20847
19693
22020
34008
20288
21975
34791
11798
4322
36520
18973
28566
32279
40815
43726
20691
40253
44582
3946
11420
34664
16373
10897
30007
40617
26357
578
18595
21791
1978
34098
4829
28745
40536
33947
34039
10100
42772
27845
27997
39897
2589
42848
35704
19672
14659
43740
17650
44523
11414
1676
41036
36599
14321
18675
15309
6066
24444
1027
4206
12054
28643
12823
36568
19251
46667
3210
628
7516
23226
2134
23839
45334
8543
33346
870
19036
19623
30535
10409
10231
38648
38047
37650
36454
40939
20068
19706
31143
27951
25296
28991
35593
49914
12766
41644
44730
8919
49073
32845
18494
37749
21718
31967
25898
13433
43539
23606
27442
49082
42038
11544
4877
26988
11257
30473
26071
7020
13363
9585
8877
1470
5974
15291
6151
20363
17819
20619
28944
32394
43669
3450
20139
46180
13769
1677
36026
21094
31677
41556
25621
46628
29838
39844
6742
1617
35094
15281
1474
20648
6760
13337
48527
18958
6710
11374
10935
24647
28606
23173
35857
40316
7321
23157
5630
5853
8484
17771
12768
41807
44984
18758
15401
35903
12673
8285
15939
36617
46271
36531
8491
26658
40175
47737
7043
40093
11510
39219
39685
18441
46728
14016
44071
43661
48989
49458
37858
43059
37301
6112
35981
10362
33521
20334
22156
41056
35952
18301
29345
37244
25712
4123
20303
932
29985
39284
7698
48084
47083
9333
21026
25651
12669
26758
12565
13071
49150
1126
42219
40822
34696
13732
16950
11041
23385
42262
41552
40934
25164
7681
35289
6119
9924
23062
20819
39461
45799
31530
30434
32448
40819
30710
44337
10600
6449
12639
28661
3565
27168
7667
20893
16868
17458
2259
13764
49418
35963
38157
44903
3283
4912
34558
5111
47068
46134
26948
43387
15054
43170
4389
42589
47053
42643
8052
48506
28882
25353
47406
44101
48537
35129
41076
7310
49885
28153
6291
48514
264
10125
35143
35226
33490
19249
1213
21483
23109
1312
8388
15330
25594
28338
16642
43910
19514
31477
46911
426
34006
18011
3269
46541
49140
36171
15528
41079
43816
29483
17878
27859
33069
37477
2106
32104
29950
33632
30968
402
25458
21343
9620
7809
30149
16109
39188
49770
12464
39799
33303
6338
15904
34941
44979
15964
23355
5042
36361
40518
5
2212
32767
26015
23279
43149
11262
37045
23144
28582
45527
26548
6287
6899
39864
1118
12829
22980
35935
11060
20188
25595
34031
42743
48421
49246
25007
43104
44053
40782
40417
8433
10389
7788
13146
3082
20943
37040
28706
24459
31955
31348
37974
21701
12919
17062
19887
15905
48299
49172
24799
32890
42703
6014
11890
4158
21879
43785
29437
35996
22951
34633
1656
2507
15965
1354
45153
7028
39078
20204
34461
30127
44115
36090
29212
4140
9153
22633
6489
39630
28039
17137
166
9772
29228
15018
34990
26822
25017
21690
35748
11925
6941
66
2543
12349
5462
42434
22483
11006
38844
38290
32116
11074
9661
5678
17898
43887
31044
3202
20810
28535
2061
11760
45058
42591
42692
25928
40333
5876
45005
30150
11734
14716
17118
34623
13300
13923
39919
6014
49163
36508
7827
33722
17771
7158
48929
31174
6385
32344
29796
44904
29958
35667
47360
33428
7951
26281
9629
14976
45743
44864
43438
46954
19892
43016
43798
43904
40127
14664
47262
14693
17424
6473
31943
48135
27954
13442
43774
562
49969
47768
45919
11743
5850
33603
15647
43213
26710
48071
11308
25937
8617
9329
14201
4697
25760
31515
216
14353
15301
8967
45978
14841
18540
220
27462
20352
1063
18095
2909
34753
39556
11733
10909
39973
37380
30227
4595
20907
9771
7447
30457
19380
26647
48913
30110
20337
35117
49559
19418
37576
19029
956
5797
6826
8553
11735
32623
14417
44372
27678
47672
15830
20413
8451
22767
3885
29402
26020
4162
44973
31442
3084
36030
43202
5571
17172
35240
15627
22339
15500
9843
47291
43183
7834
26860
45824
596
26802
49784
46356
13554
27136
17725
19773
47544
7856
39469
34428
39034
17589
11060
15150
34444
47886
16137
17570
1871
36481
15403
26889
6803
6052
40283
4584
606
10305
16512
33937
41868
22653
20578
31419
15788
18610
24770
44626
17571
32368
46255
28437
34979
16122
10871
7580
2979
44607
26653
27342
26120
40
21736
21665
1267
17570
20749
38395
32674
30387
31371
22261
47022
34292
14370
30031
21159
20526
35796
43151
7416
3006
20672
18105
14377
45066
14508
2380
33430
22565
777
36311
4269
10414
5439
41918
21089
31937
45702
21531
22046
3094
42615
1071
23613
9335
30553
23827
21060
15715
34150
40295
8691
13172
38445
24653
22451
16544
13339
33137
2209
45547
30651
5733
16575
37130
21588
37101
15412
44971
3400
42300
17463
8497
14358
16972
2935
39099
334
37203
2288
26819
537
6182
32702
2013
30298
41455
3104
40192
45058
13056
47199
43617
14160
36846
17889
48029
8953
369
49602
49457
27401
34057
7338
47668
35037
34546
20346
29242
28945
9141
20322
26906
8034
23495
24953
44837
39197
1337
39517
13934
41005
19220
17583
12894
42973
45301
21766
36269
17654
35077
19250
16879
34390
10989
24593
16208
24695
48378
27571
39225
34163
33961
45712
37993
47652
46585
25857
30300
15747
44559
1264
373
4429
36505
12842
32841
49369
29787
32942
21084
9616
7419
5824
24182
7362
11812
14089
31239
42057
22564
43875
34732
1846
41735
33054
968
7303
15582
21758
17458
40615
29565
12256
48921
4218
7425
7145
11137
11311
21538
17038
37798
44094
32528
29873
38841
41708
12489
24905
38986
4727
38015
43447
22727
28179
31640
22657
39811
21696
15413
38958
40187
18106
28398
45407
9965
18769
47000
23529
22633
32282
5667
21820
37795
15778
4153
6507
36158
505
27683
1403
33239
15562
30041
21028
35651
48137
48164
8416
48241
2276
46236
27050
4269
33957
41496
40302
21337
45307
47582
22226
36517
43203
32968
12295
47933
14159
33366
18615
28064
25252
14221
49144
40585
35166
40109
43755
48255
8062
43256
47959
43032
21060
5789
29864
2041
30087
364
15608
36839
33772
45495
13229
14160
5690
6738
10558
16523
22690
8471
17947
13538
19642
22883
43196
39930
33970
35512
18470
13785
30840
24929
43221
13168
11731
12931
18107
10118
44580
3403
282
3680
24526
23418
42574
20745
37392
23880
6881
5956
9417
23526
38558
21355
12190
45815
8095
48787
24427
42189
34610
26406
5017
18397
35670
13274
34226
16518
29823
23876
31399
35431
6315
42553
35038
22406
6072
5407
38687
27218
18149
17687
9568
37660
30701
7436
28058
26069
2978
17257
38794
29467
16190
18957
6903
33884
38970
34870
179
18867
6561
12202
48547
4363
30890
42634
23813
25847
33549
45147
47837
35495
20732
30868
41048
30641
36876
919
47178
25556
48588
35577
40224
34559
25954
7159
29600
9752
26708
26122
44864
17539
16132
5813
16368
11569
22462
39010
39466
12646
47352
3052
41108
21788
38116
7346
4491
1996
42551
18648
40747
8328
46657
8955
33659
31558
22223
29764
15251
46302
26729
12792
26988
45740
22093
18639
24074
42606
36843
32640
3443
25946
44553
34287
28365
15393
39161
42291
22581
22799
11621
8182
31224
42887
30543
39575
5816
14621
30709
1137
47384
1101
27963
36898
28184
218
22832
43175
6424
27815
33834
35340
5515
48300
6607
6403
39405
39339
14523
49218
41575
27815
43333
35812
7307
6006
14638
19500
38377
38428
36023
6585
16689
21775
26847
781
30356
28377
40552
5498
21834
904
40446
24308
48888
34952
2928
27012
36585
14979
40299
9813
47671
41113
7574
26499
21999
32173
26064
49920
31089
22840
5167
6932
9686
10542
33044
8665
45928
32704
46878
20847
44223
23184
7870
7855
31508
371
21912
46379
4381
44778
43237
28361
2981
41025
34598
48827
26474
25179
4316
25522
17251
21221
49890
35822
25033
38985
21150
29631
42936
40801
27747
32277
32910
19606
28638
37893
47164
3317
22481
36574
35440
2614
43582
24389
2747
5377
3335
25282
12606
4695
3391
28198
12509
36969
31649
36077
28724
25390
38497
9092
6027
131
42336
29671
46027
24038
30524
33629
32391
41544
42858
2951
13775
22461
21859
9691
25570
33270
7533
17323
42317
41595
35270
22058
19853
10115
28840
29195
33715
8111
2559
17668
35907
34168
4270
18826
2196
8743
41264
38206
37394
1426
17085
5182
37026
24382
47306
40788
4885
6736
26871
32598
21789
35703
42492
29019
910
41513
36006
36670
38654
45300
10842
48568
41092
13667
16448
24100
9123
7105
49177
26955
48129
4435
11557
13815
16694
25105
468
24958
26422
25738
46130
30361
18876
21645
8874
44055
33238
38122
39140
1490
27228
1082
43571
12981
44700
36132
32381
20929
23445
14154
25028
4991
30248
14943
16106
37004
47233
10317
46800
9101
1154
36239
5907
25602
32802
23535
29118
25654
21133
11856
46361
31635
30829
7060
19282
26560
37765
47011
40326
45508
21106
43139
6793
26626
10371
27861
22101
28535
36096
43728
44853
38174
16394
1834
45006
14811
26247
15390
39975
5728
22214
22936
24476
6555
821
41098
26187
7719
2973
48882
11140
17334
45777
13091
35059
27528
35628
18622
14696
26643
43068
18668
8678
3878
43199
48226
13770
6834
20321
22951
10290
20516
16929
23619
44117
46056
7926
14421
26662
23427
18924
28957
5122
22932
4009
49845
44930
31885
10945
28382
5287
725
40126
49648
11178
49085
48527
27886
46072
45565
5127
31244
33009
8763
44851
40017
21179
1749
41633
46186
20495
43616
8228
11807
29787
5024
32028
37251
31961
5320
11382
18973
8929
35232
21008
49037
22523
45537
49879
18156
39481
7951
26007
17553
48454
17082
46683
17095
29604
15137
2709
22988
45064
36681
16118
16578
39625
33084
49669
15840
1204
43416
31820
36476
4566
11875
11094
18135
35285
1691
11917
8713
19651
200
12994
39110
23777
8780
23059
28352
44498
431
45714
8613
10887
16191
39293
39430
19778
46346
1949
41276
16885
32594
14900
27551
46592
35396
3603
36135
41637
16212
21751
36306
20305
9123
25325
30229
43471
37282
28833
2903
16181
24830
48658
13148
36867
9503
15082
7486
39322
11193
34567
20071
5389
35989
3509
7973
30464
40647
9909
13500
40878
11629
43414
38634
44246
9087
45562
47742
39065
49626
21399
9829
13939
46514
18845
28334
4950
40376
11842
40982
7657
47793
662
9285
15272
38883
21529
40330
35218
20862
11744
46413
38425
21045
37203
49105
38941
19875
43001
45065
20273
23730
884
33320
35778
23509
29039
28663
3847
3697
31872
36936
17502
921
48292
42481
3986
42551
41922
37338
13644
6402
22163
49452
38924
20991
8196
43735
21160
10572
29255
34989
28323
36746
10752
28502
6019
27060
36646
25924
49585
24401
32563
1427
20796
47027
31760
33473
25234
30437
9671
17902
29574
11519
40960
48938
24434
10946
33449
49124
35364
47968
26743
1292
34352
29996
40916
41447
39911
35481
20413
42700
7929
44707
14270
39571
11415
25301
31276
49928
26029
40168
49875
42004
49214
28381
15666
4498
49125
15601
4567
49382
37765
27173
2754
5470
13174
28377
30638
30075
22705
39918
22522
39317
26596
12543
38196
11136
47174
4962
39058
7353
17789
489
12694
4738
20003
32721
43789
38109
29649
33786
15953
43516
31124
37150
26002
45494
8911
6349
20731
35428
15321
26370
22021
12922
20391
1484
8833
3427
12675
29750
23969
13749
47542
14425
40638
32556
16298
49544
43431
8373
15833
10139
1430
32583
1823
24460
46179
23498
32398
31806
42777
24045
41487
36635
30651
26631
8702
2097
19392
10218
17210
32678
49797
47439
15547
27580
9923
49287
39606
27255
42769
11435
9232
245
43129
16897
4485
46136
32186
25065
44059
29923
23630
47712
31275
39525
35995
1213
26119
24583
11789
48176
27121
30122
24265
32376
14252
35258
46349
36954
32438
12255
696
14358
13017
8515
32986
26202
38250
3758
46144
1068
21749
28079
26919
37102
9901
33188
27639
46419
15230
26025
23040
28294
20434
13819
46291
20001
9444
28920
19466
9949
9489
44742
2715
32151
42513
12119
5468
6695
4620
26256
20724
47303
40663
47363
40667
32992
12123
18302
36637
21873
9515
36141
25987
39240
41916
2000
29777
42007
42746
41059
37859
34029
13065
18807
5018
12819
43677
49091
46311
34624
10142
24320
41428
44075
31825
48557
24296
44976
2507
16191
15409
23790
1639
23640
26650
45318
20835
48004
42637
26043
30519
12415
32300
8664
15636
49900
27209
13901
3029
21261
26722
26131
10260
13740
18385
6376
29238
44896
15539
10555
21291
42983
40529
44855
5037
1482
12298
49531
48718
18658
25569
25917
33086
18211
10249
11203
6211
20418
16602
3007
41112
1765
9352
31067
8633
49740
31125
47207
8399
49114
23351
15720
25510
37129
5948
47155
17893
19541
16762
41463
36833
39714
22858
41352
40567
23125
24793
3383
34461
15652
23973
23253
37817
987
23348
12458
36981
47257
41637
35518
24097
10662
7324
28713
30131
15339
35911
10440
16613
12174
49256
16660
27267
40862
16326
32029
13059
48483
2168
17678
45065
37853
38084
23098
5033
26480
28193
26944
4226
49415
20829
9863
33175
17005
36699
48469
43439
31872
47902
47650
42097
34196
43633
44635
49710
25211
30908
11592
205
38389
2886
28368
49588
27677
34866
34073
3955
8718
15793
47256
5952
37317
7061
47286
15553
5299
48680
17267
49231
39664
39498
22379
21896
20950
34967
41377
2056
27720
27386
48729
1298
34876
38254
49265
49196
43517
11966
42706
33129
10214
5572
32481
3156
15666
475
20933
14229
31757
26749
30026
40673
1605
44427
46390
31972
10192
33156
20261
17094
21523
39130
8836
2612
41391
1322
29954
40693
4636
37952
3954
11149
44089
7622
4163
11327
33293
43616
16067
17157
17372
48482
12031
20154
47239
39154
42877
41156
5067
36651
8086
12629
9987
47014
12331
24430
26113
2184
44675
7405
35785
40093
42417
47087
32395
24634
19177
8809
31698
27230
28432
3870
41738
16169
16708
38010
48830
46272
36580
28184
48905
20824
2306
21288
43268
11144
33568
42118
29583
31535
16950
40184
45814
43995
4676
15182
34489
36712
5863
2292
29521
46161
38023
41400
27049
6921
14202
36640
23653
34210
22434
1647
47509
12240
40183
36748
14214
17333
13198
40295
32383
5174
40033
42245
40782
41196
22793
17255
48174
27147
43715
44589
14815
16629
14180
21557
25558
9801
47840
14300
18420
16942
7879
15917
52
7771
2750
13058
41537
614
37719
14439
37737
6965
12901
32148
44439
8633
28943
9994
20270
31487
22334
20153
9442
30806
308
33664
41839
31434
17574
36866
10374
27632
44315
39994
30668
40230
13669
20784
49356
10093
26100
8802
39736
19137
15679
6185
26
36866
4620
18954
7561
27562
14135
25446
28488
35565
33120
19087
18118
8832
40906
36312
20298
5074
21604
31912
48866
37831
46321
9452
30810
837
16562
1753
20289
1049
36795
39333
9238
12371
4350
48229
30184
28601
33726
7486
21387
18736
47907
11212
17173
48111
48212
733
48577
40248
4907
29867
7435
4580
22591
39590
14421
13904
43443
17836
15723
25491
43787
39212
25902
42588
17203
26850
28583
27921
33434
17431
45269
9928
41714
13604
2329
46012
41737
20269
10401
16499
21795
45734
28545
20073
23065
38096
14545
13205
15244
6445
14283
46447
48421
48188
3838
48846
49601
20030
12895
19081
2506
8531
9421
31468
19360
10435
44822
44726
42177
49020
47206
19415
48083
44468
11376
14454
9145
13595
4771
13712
45526
7821
7290
14807
21860
45306
12203
34034
28919
28166
9522
25026
2444
45927
48758
24497
560
5475
28250
46117
36156
21816
20266
16930
43926
33309
17525
15964
36369
4714
1999
27099
4194
29278
44601
25523
22170
49551
48639
48941
15591
43268
33122
32500
26239
24629
5628
34777
30092
35958
30394
45439
44279
47594
7105
49535
38654
33687
34737
46032
32835
14963
79
41323
6659
4531
6524
25523
7048
36748
19909
17379
22208
3752
29184
35439
46931
45114
6612
43875
25668
35214
35116
38270
13475
10846
34277
3505
19062
35299
15227
28397
12447
27316
43909
28246
5352
30249
37434
43473
16299
26984
20315
15331
34719
22650
32436
36829
49641
24723
17855
3647
15037
27577
35453
46929
9717
2846
5575
34635
30242
10513
1912
35145
46862
5408
13725
47984
12732
19743
15045
27090
39540
10078
4223
22700
40626
7795
32022
9555
40170
6083
39013
32084
15005
44450
36972
29709
5241
24775
22969
7992
16069
23730
19644
12773
41454
27628
12619
45114
34059
3049
41989
8706
39837
13963
26569
42895
18873
12835
2519
9312
7250
27901
8703
49688
45482
13061
24709
26595
12936
46202
37010
28580
22226
44676
10748
49384
30582
21637
37658
15004
10434
14352
49643
25182
40191
11115
10458
34398
20742
8990
35315
26302
33753
6613
45388
27198
42858
19556
11193
14400
45028
30072
13362
41221
9082
3466
2568
45307
23673
21170
1054
34377
49213
22615
7268
22474
41540
15714
6152
581
1839
28054
35849
12404
18975
36785
23165
39814
21178
14998
48039
45189
22150
49264
47966
7546
47317
42163
49109
40840
39808
43466
34891
9836
17911
29333
40183
28350
40813
30618
14362
27691
32283
36751
27587
47112
49854
2383
15970
30632
2872
15910
34632
27109
23684
35629
35568
6394
33003
32547
40890
14419
44133
32593
16149
201
14846
26507
17079
42752
30502
6304
46710
44905
23985
21727
15466
35363
42880
9981
10712
2935
17482
20093
24373
38517
41709
45019
3872
30540
38605
12763
39895
11314
15359
36176
41257
36602
34090
1541
18738
43124
21693
15595
7910
9137
20135
5883
12486
11126
22141
20046
25008
38691
32725
14826
1429
41916
2821
44189
46832
47218
40871
33763
28529
45946
35288
5455
11336
16403
40171
32146
3509
37169
31603
33973
24706
18314
34777
15766
19359
19679
37232
19368
3443
49137
37575
16315
829
30178
20128
16886
4409
31572
24033
32067
24089
1749
46654
44713
27605
35267
26448
48379
40385
776
11585
38868
46535
43021
4592
46290
20506
38655
48139
2149
22641
18549
23661
28125
33068
36385
33364
5618
27631
34110
39672
14479
4021
17424
35147
1057
19854
49457
27874
25096
42038
36784
16232
11330
33364
46193
40758
7313
33118
7566
3172
22048
7864
13096
2707
35090
39280
19556
29146
2410
36933
37075
46135
6333
15888
17548
33978
9953
8467
9274
16417
40509
2653
45512
22545
3489
28013
28590
39846
550
45960
33296
46649
23093
18008
32893
31867
24759
9480
26782
32350
28431
12614
49035
43991
8514
42752
40201
19640
44921
30339
30137
47656
42797
28313
49120
47626
27582
9289
48522
44765
14532
37837
30689
6869
4332
2736
22731
11307
42155
32400
24861
44650
9422
8344
47974
47433
47778
28845
28109
38771
6000
14342
21007
3860
12601
3007
18141
29202
28794
49792
33336
24347
33920
12408
48686
43606
47360
11013
2608
4499
25272
28598
28536
24360
43174
20209
25408
42133
6075
24453
10425
17653
18728
20653
27028
24424
46357
39758
48643
48293
31828
43922
26783
10404
23246
6260
25163
25904
33992
48364
16530
45731
43051
17338
34425
29445
29833
5405
23608
19452
32543
14498
41625
18784
26146
23263
26334
26390
16351
27998
7567
4104
35125
24582
36725
22591
45213
46330
27322
19393
42786
32345
41521
47963
11934
37965
18565
15628
3840
26660
29235
16275
15329
32329
7651
30099
40285
6348
14468
48531
44178
49050
32889
32061
5394
6453
9123
34772
42832
3984
20781
27302
27146
16933
31908
21274
13870
21044
39642
24275
48888
22915
44096
21624
39279
25221
1942
38474
44082
10194
13168
13124
38141
41056
47754
13484
19790
986
36381
38772
43305
38850
30614
11204
44662
44933
25992
37453
3510
34189
35638
28573
14546
8928
12308
45282
46036
40255
29330
8251
15578
34609
6158
30470
449
19230
40048
34783
5218
15367
47356
26234
16160
28704
38496
34633
24414
28901
35822
49813
20053
27659
46362
30088
19063
4331
7570
37210
40620
19339
6443
4667
19548
18484
42907
21114
24946
8331
9126
45707
8270
42381
9325
1877
35108
29510
41000
14062
46127
44073
5745
34715
41477
34448
35794
15806
44263
2232
47056
34964
17422
28399
49526
39305
38429
13025
33209
44613
1867
27278
27992
33104
29292
44867
35025
37241
38781
48114
47173
49138
4100
49836
16842
28722
37033
10539
929
22963
32616
30041
35628
11898
25271
27693
46010
26445
22843
2364
25704
25804
8891
29586
5621
7546
13690
10860
17649
46238
1580
24895
5308
49676
48966
39185
565
4485
45105
12647
49609
31362
36989
29654
46238
40587
22113
20923
26286
11421
26048
49814
44245
17409
19837
28929
1951
38458
13753
9728
11308
38403
49178
46059
7356
13125
28040
36914
41850
38022
46144
39537
5279
6070
5588
7478
4070
16625
12372
8248
6417
40705
578
5309
34793
6950
23064
27341
46199
48912
24727
6204
9657
13130
48988
48906
23560
7364
3492
30027
1031
42365
7773
34221
24316
8006
39772
26180
44081
24236
23912
18112
14070
26387
25603
22503
43556
47212
40499
22137
47252
29131
18009
35003
32779
28417
47444
332
21117
5003
48902
45849
25223
2182
28152
49734
32881
37901
16853
9902
11660
5870
3892
16358
41775
19364
40087
39232
32267
9788
32979
8067
34995
19243
4974
9930
29241
47810
32241
21492
49247
23003
3459
38968
28513
4558
21736
25795
27364
8771
32583
31595
39889
47019
41420
564
11019
17353
46056
45256
27897
39790
20016
15596
6494
4367
35139
33983
6609
24633
19028
15522
29535
15977
8722
289
2030
14377
16066
35426
13527
14534
28816
6412
745
7591
15490
2471
15840
47596
21879
29344
49909
30448
18879
44424
29726
5530
17552
20557
36721
8028
5632
28609
47828
36451
25433
499
22604
49038
4763
29684
12449
27155
30253
48030
22277
39735
19727
48022
34682
18400
24843
27453
11345
21254
1299
28914
22371
6323
37121
5012
12834
39482
7130
47114
2439
44579
3099
22655
7311
14791
5174
35339
6175
23946
6771
43822
6334
1206
9217
42500
18551
37948
44149
26851
4863
40418
30093
23167
34939
1997
40970
27960
28322
21166
12670
31259
33695
47615
13611
19590
41013
5189
41391
30454
19366
18966
38433
42964
2675
48781
33732
30272
49595
39171
19806
34116
28594
40055
29404
30820
18564
37479
42128
29133
27453
24747
9334
8247
19389
6861
13243
49829
39180
28173
42546
10127
43843
2198
15685
33583
19812
20828
47261
15834
40834
18681
38531
106
17160
22472
31661
10872
17329
8244
24047
8738
40511
39035
34143
45559
38784
20154
22889
31921
30504
48472
46262
19525
6541
42416
15628
29659
26264
6310
26320
6268
19092
24350
15770
4583
23110
40021
28361
29240
15464
12897
6061
30210
34595
44285
10107
36895
8913
4832
43067
24099
27996
28834
17385
14290
46352
27639
40069
26748
27913
19953
4966
11790
21457
14376
37703
47814
8903
18021
14574
44941
38879
9020
11864
46854
15777
28530
30628
48064
39436
30645
43581
5336
43281
36567
45282
18025
27985
6464
26472
23868
15583
6445
18598
41120
39786
21378
3184
2840
7334
49055
33057
13213
17953
47323
26534
2878
9720
5000
10934
45737
33193
42544
31530
48740
29774
14913
26613
13563
31715
23388
44064
4604
36535
8194
11268
37936
21313
17782
18252
30091
38285
23142
2498
9446
15275
42057
3382
12519
13865
30126
44265
12745
8512
16407
14189
19756
14838
44142
19257
21703
5727
14615
12851
34375
41563
35536
34765
8945
47096
26636
44792
16497
37532
9075
5974
3062
21033
23947
11523
15756
21681
6668
32507
43041
37405
21640
49831
9269
15050
33469
15728
43541
35781
31846
14194
46730
16620
26071
8011
36650
3785
40118
37967
31149
38670
25838
39127
12810
22957
11356
27903
42923
34464
1218
4567
29608
32144
3946
23220
45753
34
9088
4750
13673
49861
29762
24278
45791
13435
21275
32044
19932
46014
33471
44175
20420
20299
14197
25969
45001
7708
8609
9437
29305
26028
19209
21978
2222
27499
20729
10053
48714
42596
4242
7698
16967
13530
24073
23166
14732
21068
4637
14295
13125
39332
10029
45208
14268
32921
8957
20995
30163
7025
15114
39385
7826
4529
4926
49884
4974
28359
40285
38459
40960
34442
7197
1016
22630
20882
37678
49119
6404
3463
36852
26065
46098
29933
18270
25723
25197
17705
44390
15118
11823
17912
8459
11270
5935
6972
25607
1434
36438
6237
10634
39460
25578
17985
38857
43302
15850
18810
3594
35924
20803
20509
26969
32083
29044
35345
43574
16706
47786
15569
757
38531
11331
1593
2110
9405
33379
4675
13544
7133
16800
17532
1721
1884
45137
7138
38288
24564
19101
47045
12369
11470
4072
33143
22969
20282
25465
21517
4988
43068
14681
40506
16963
26984
7598
36293
2663
37579
14568
27590
26286
38445
41039
37682
34277
8835
49206
803
14075
10540
15256
48734
13087
10146
4552
526
11707
30245
3478
21044
29895
13220
6358
3851
20926
1976
39675
11595
9732
11364
1224
40003
10634
15938
1657
37295
44835
39232
6885
11934
14191
35791
16752
36183
49257
12478
20570
25059
28692
41461
4299
28226
41117
12774
37551
22987
39895
23972
44452
24433
37758
3935
37039
41481
45333
24859
1670
16735
44816
43481
24445
3112
4300
21667
5741
3724
28088
45392
18070
43715
24029
20873
43256
10827
37899
4045
3853
26779
14645
36137
29992
35839
27270
46960
12210
39390
10973
35475
49947
19909
25365
44828
48407
30275
25171
6840
31938
6374
40638
46919
44186
28963
37177
19610
31195
46492
39325
42456
8158
23066
13847
8697
21187
12342
21663
27591
26365
3078
1369
10638
20212
3313
15844
11659
3517
33369
35129
38899
36821
24994
36569
40511
9656
33822
22498
39627
17781
12064
38626
32765
7910
49068
8708
26001
20851
5713
6834
17097
22192
33213
49355
35114
6188
20462
42305
24648
49137
48969
41213
5133
12123
7858
45567
21625
4372
23129
2815
2744
32821
27342
23119
24573
31581
33851
8386
14626
43138
26972
49332
29635
49846
42597
473
5545
36197
1993
49206
25483
14173
48590
8965
34956
5910
41304
29956
29487
25382
44704
47140
8747
18678
45354
25237
5067
9542
40516
38681
4585
12391
41735
30350
35045
12659
42535
30840
37951
44528
34141
7287
30632
47191
49989
27944
4335
15120
37208
11604
38552
27428
37750
40247
43726
24495
23667
5180
31048
47577
23637
20886
44361
37507
23614
19665
42175
43628
33262
20353
13493
22440
26499
18712
39468
24874
4158
45257
5458
49098
16543
5595
8536
26323
17349
39182
33886
18118
12416
22073
41187
47787
10028
41729
45858
45358
8769
33784
43654
22813
37146
15843
44965
38729
7938
34976
4264
45883
18099
48418
27984
33801
49144
45209
26519
7867
22779
15232
18745
42829
12754
19732
37362
12542
7557
39470
29976
39714
11714
18061
9973
39308
32746
39971
47533
39947
5428
34858
41321
39437
3294
39621
39573
29585
33180
21074
32060
26820
35545
12635
641
32177
9441
44550
30227
25607
21290
37480
25496
2209
35865
221
8820
3713
44435
7090
4635
27582
4208
25747
24184
12503
47151
39144
17360
19463
10605
20196
40764
794
17623
6543
13633
22815
10048
40775
33673
13142
33882
24793
1599
39030
18756
43430
10932
1995
43488
30619
37092
13868
23849
38021
7384
19118
13364
47176
48921
41758
6346
26996
43448
34604
36408
37329
28285
25444
28491
44916
39501
38247
33703
46930
23887
19642
8179
25008
16992
13647
20729
41613
7808
38586
36288
39590
46059
34312
28025
14561
1203
6018
49253
24213
1588
36358
19496
23943
49256
20357
1790
47953
15407
25398
2988
43695
17444
31435
40000
30652
34841
20221
7847
8432
20068
37886
39131
43497
16327
20358
31857
1765
1510
3323
7184
34595
40728
36373
42949
44009
42378
34489
7549
2451
32154
5631
4752
432
3394
9400
20314
8329
24540
8975
43673
44198
23817
16679
31549
42079
27304
827
48011
16971
40686
46657
20861
47493
4014
15855
19609
39783
4537
19666
22076
8091
21484
24605
3130
27082
42501
5142
39052
44073
154
37096
31715
8969
43164
30476
25231
44793
34898
20573
9580
9397
7539
29083
24245
41608
23859
34203
24090
27051
25827
9169
21812
18711
46203
10820
41042
23086
15068
27708
37936
33638
2567
46412
65
29486
21439
20797
23919
11788
13244
16722
15458
7723
35847
18359
38112
9654
49527
16065
41214
46870
8331
25489
22194
4358
24402
4515
16122
37076
12070
23762
23698
10074
42833
26917
49368
43437
14088
26001
12429
1757
18309
2190
9737
7358
23044
9776
42718
13190
17288
47627
34139
6465
17572
49394
245
14637
15859
19113
23564
32629
42401
32769
8024
46941
2764
49955
5342
21912
25719
6313
27031
35738
42142
33600
42652
19824
37048
25039
37477
44736
19041
1852
26308
17173
16164
4001
37585
10900
18969
23959
6820
31803
23740
31526
46981
44069
19835
30031
3981
49356
11988
47460
41718
27373
9289
15139
8241
24160
19195
42749
12733
14688
30547
3753
6312
17322
17358
6541
47175
35903
40470
39396
15628
5138
4341
47306
10371
45331
18734
40276
17505
41316
5430
8303
46444
47133
24461
40005
10370
19845
38105
15357
35130
14699
14721
40610
19967
32582
4794
35141
17279
49118
35281
12731
25083
2235
44031
46546
16541
49575
11247
49139
45982
3691
32741
10888
27440
42400
4967
17796
5472
42352
19445
30491
8897
26064
40909
5835
15098
18037
47725
36706
45549
39918
22339
40550
41840
42600
46346
2754
4548
39769
32151
41545
13511
36177
26193
17074
36299
24510
7988
9690
20451
3624
30853
25773
10312
27970
43064
28163
43747
23926
22859
49797
27557
28792
14155
4913
5370
278
37072
2743
48377
5304
33877
24059
13062
7015
32903
5007
1560
22255
16025
29368
30295
1566
15125
48010
18291
754
47080
6900
20284
30315
1872
42025
21622
17671
42571
32501
22128
25330
39703
28906
18101
43113
43766
47525
16495
35723
15041
41740
21632
5553
40596
28327
7655
27863
48778
25457
1153
22629
20027
13303
10336
18227
25340
39043
47885
20854
20615
41046
31993
32520
1540
3206
29896
27533
36490
38127
5628
13142
41488
8925
47022
35159
17089
40533
8728
24626
9490
48271
10111
30601
35355
24608
22427
43722
12548
24437
14707
31245
41985
25718
31017
9837
9276
803
33411
36603
29680
15100
5668
40068
30035
35239
48132
46361
8273
8277
41732
6349
38083
8837
44937
12068
47193
10394
16637
41010
43897
48230
31480
35215
45415
25372
42426
1621
42440
31813
30580
300
20298
23268
6718
3192
10819
18083
18122
11916
25571
39741
17450
4102
23216
19472
13557
47813
46615
45187
49965
39134
39815
49886
39182
11753
3871
39375
21558
939
19524
5483
39193
44595
9046
26655
30235
35620
41325
8415
11361
42158
48381
45603
25981
11235
808
47411
43619
11271
23804
43615
21721
20470
25046
32518
44338
445
2029
47696
21840
16550
18150
13505
17719
18070
20893
12694
23956
48717
41610
15658
10546
11161
35566
43537
35967
44913
45354
30374
20982
29790
32380
28192
15203
6611
26650
15396
3729
3750
24789
24150
21301
39530
42155
28763
47661
40942
33842
30920
45388
1723
4479
41740
46402
49859
7383
24736
3024
32568
10006
42400
10995
25569
9631
39857
23422
9470
16987
37665
35905
31494
38272
7125
33521
17481
2092
35995
37794
49440
28236
9267
39759
22477
30114
32011
12057
5641
33392
19161
30431
10980
8518
27482
29077
28191
28706
20535
47715
5542
46796
16970
36639
23276
10636
19869
42927
1801
49042
41694
12523
16820
49678
31443
23535
12750
34633
25488
23583
1882
17404
41989
2852
13071
25766
46254
1513
4031
30103
12867
19784
23215
47679
12466
14802
25873
46596
37638
43716
2534
46272
6343
5105
5896
12702
45107
49596
28056
20309
18784
18833
37359
44790
8992
2098
7732
26535
10680
8521
46654
31937
1151
10436
45823
26866
12961
11956
18766
34146
32020
40325
33298
46376
8053
45632
37623
25461
7733
30182
25067
19718
45359
15229
35611
37456
46920
2314
20968
26880
22206
20750
21306
46082
19448
35150
21354
21777
6034
9396
14874
39006
48319
28133
32967
20069
2970
46447
35814
44555
36657
19096
44139
37744
8853
16451
10762
37163
5822
34439
32462
26545
17105
5264
3369
2908
11520
46356
14497
37292
48880
11481
12592
44248
19703
38910
8248
7479
74
49314
7083
21100
40437
31470
25413
1521
18953
40876
23710
16709
22753
13057
27867
27370
2484
14325
44323
25485
27105
35314
15343
8797
43543
431
49649
44055
42030
10092
32813
13666
18928
16850
130
33299
10781
5806
47235
14624
27126
39322
40972
9871
31020
15524
36123
6345
19684
43679
25287
12386
27443
7919
37235
11739
13862
17415
5070
13469
48227
1810
318
37262
39452
12294
14058
3884
2177
47156
27959
2203
11698
40934
37088
28800
41038
30909
8688
4457
14354
24659
47634
23160
39936
16914
4257
3361
10213
1291
9342
21663
6144
37735
979
49729
7021
46943
12634
24255
2925
39197
9652
3956
23392
8583
33685
3374
26298
14407
47592
20186
17908
20950
37806
25584
12457
7421
44877
7749
45769
14260
46306
999
37168
13887
28637
24738
43390
28718
47165
6079
36434
27844
9399
25058
39818
5399
41707
45210
18164
7331
15837
48585
25043
10204
46606
15813
23187
35878
28442
29859
10544
47536
33450
20210
27515
24864
41182
10757
33166
9202
25737
40602
30535
22730
18509
17931
10220
8025
16902
23030
21768
10416
22172
32423
19868
46912
5279
40698
43310
22494
28011
22445
30761
11768
9905
19785
13472
24015
18459
14377
32080
18009
41059
7802
44678
44667
16105
8144
26167
40605
45058
3084
37533
38690
15845
31294
27878
5907
49469
15389
19038
10118
12240
15988
18808
43662
40064
28058
46514
41454
26742
47045
34816
2017
27674
30469
14110
27150
7226
5380
35711
8684
34122
47734
8021
49850
38737
40007
22935
25148
37183
33516
9681
3419
30616
495
18506
36743
48309
39502
35599
32810
10481
48519
17852
2956
47968
24927
18959
20230
15718
41531
33491
37849
32858
18494
25769
1014
17241
45137
504
24921
24010
3478
4660
14477
27736
1126
28182
39338
8740
47138
28899
25206
7625
40740
31230
38827
24561
19069
40503
9057
34631
26847
14495
31478
19178
4218
474
44957
28548
3240
12288
26328
2549
6065
19953
12099
937
49294
8438
19284
3215
7348
33336
48199
1812
5233
19569
23689
20675
35049
22132
44379
14401
17227
39965
20441
5427
47359
977
2565
33278
28455
7530
42981
19313
45212
27700
7329
10373
26363
8136
36266
31217
24783
9749
27936
38533
20711
1588
15697
47700
8484
14296
11108
12743
42148
33977
11690
46324
21983
11960
43934
35702
17761
25097
39002
9020
27507
40829
42683
18633
3843
4873
4282
809
23903
32447
39657
1583
47619
35270
32273
546
25499
7150
8846
21733
13947
32557
2220
21289
29022
39872
25495
13519
15406
39043
40016
12763
33782
21240
4810
23216
35977
16871
4318
18209
201
5234
10640
49249
46286
5357
7352
39347
6908
10993
20475
9792
5145
42248
45104
18380
17710
16562
16603
35832
28805
12354
49846
27379
33299
43014
30232
35549
28630
16567
38175
48878
17640
17372
27274
8620
48386
26260
29561
37216
26207
7389
12920
7859
29515
19258
24514
26650
33857
25533
18325
16662
33622
3160
1018
21685
10206
2582
11132
42255
4162
1806
21899
36815
16612
40050
20187
39221
29045
20515
48054
32905
11930
41689
32355
27486
11396
623
42396
6712
3891
5711
28118
3471
13293
42948
34349
7316
12384
922
4837
39563
25599
21933
20347
18759
34077
42581
49288
20759
32241
29653
10304
10124
33809
45838
34793
22090
22546
32556
1353
29300
3147
4424
7286
15021
37745
10830
34759
43437
48765
1500
2917
7375
37007
45509
11779
16806
1236
22495
877
34612
6443
7014
23933
25389
36079
46174
21726
14145
20048
34839
11966
26073
25925
38715
734
23846
13774
45806
360
15246
16445
1659
30599
25666
39744
2099
32970
32334
29985
5378
41060
8812
33959
42972
13306
34892
45017
15329
534
2743
21951
8161
16527
24382
26995
11252
39309
44453
37392
15699
761
23958
26272
45736
2595
17754
25327
26294
14958
15142
26909
38391
34438
9986
23705
48703
10764
17730
23604
11299
16956
19066
4169
41318
30820
8100
47868
35564
17819
23540
44439
33667
38872
36779
4010
28239
9239
12494
13369
2421
29107
4091
19444
20551
12701
12582
895
36180
39422
7752
47227
18027
42125
43049
18107
28373
8701
48604
44306
22294
16263
1939
381
48403
34906
4763
20798
32345
26048
46135
6736
27453
10001
32360
19180
9669
14882
44854
27151
39690
23202
44138
39312
40168
31663
34947
2947
28255
7720
19237
6020
10960
45718
15788
47952
35109
7481
1247
49187
14856
49377
13920
1780
49044
46061
14816
31349
29877
41345
21732
47335
43187
2227
42237
18383
38751
6344
17495
9070
4520
8368
22502
40390
16948
21447
32212
43995
39938
6717
14385
11251
40290
12912
47531
22179
40939
6596
49987
11032
24992
48603
8660
49789
6569
22260
5506
48660
47618
34619
2762
32125
41569
43952
20939
4772
40005
7469
17841
44550
22038
14657
659
39486
30609
6849
18887
7856
47116
33369
16951
42167
16674
12085
14902
13912
7384
39102
17313
44689
21175
46299
47218
22045
36816
76
44551
33640
14559
34129
35438
45120
16053
21057
2072
42595
21495
37512
13384
24312
10111
48395
3826
10069
14832
15932
17829
47742
4876
7633
45059
16694
39515
11910
20680
2700
12907
42777
17899
6901
2349
11563
12761
36199
5016
22904
47734
44650
10865
271
6090
20636
7451
26260
24787
46746
22204
17139
673
28866
22637
1806
19949
19974
1248
20207
47065
49501
19697
35468
10539
3453
25876
32131
46941
1195
10513
25914
36129
12133
129
32269
10579
20725
20109
43275
31473
16543
42202
17532
40454
45941
17418
45887
2478
24827
37511
46946
12243
18052
22285
40912
