33342
17033
47501
34788
23643
43734
26716
29020
3127
13310
33810
22714
37697
10934
43022
36925
6958
7011
45444
38607
8365
17281
36590
14805
22920
28709
43521
6586
17438
3282
35259
39089
14862
47205
4471
3803
32492
48636
22367
38631
43656
45770
4033
34813
43345
1835
12730
8729
3947
4880
47072
32642
4537
27047
16904
41749
41921
2355
7276
39230
47211
2676
48459
11745
12152
4465
7931
294
8656
34092
41448
7269
36737
44905
26867
29726
29928
21957
16003
44175
31133
10837
20654
10193
31034
23740
17073
11372
27587
45380
48146
43817
37762
9864
4256
2205
2375
1356
23049
35145
45031
41914
35571
47323
31439
43640
2773
32000
25566
2416
4979
9726
7873
17440
10098
4882
44605
32625
25594
25841
6951
14401
4492
8527
22375
8060
32620
48500
18412
2260
48676
40697
31281
25483
32485
27580
39862
35440
27112
43762
23138
33253
11309
39834
46246
28617
1865
21833
13836
1153
46065
10772
37855
16274
596
12318
2366
39276
32739
32883
2911
48518
41211
46495
36110
43881
38950
260
31792
28313
14628
28956
516
21140
43712
15016
28682
26580
41094
9894
25598
44157
20364
43488
8708
30372
33838
4009
1815
28978
1720
6263
40707
36083
17026
8502
35123
46303
35672
44202
43169
49077
20946
45585
44225
21275
19475
46362
16819
30327
1563
39180
29361
38603
9576
18465
2890
27745
23525
18409
974
3778
5465
10343
14755
40980
16961
29510
9205
23844
24428
20501
4275
9154
22340
12669
33430
28009
25121
20237
11311
19804
48340
31258
32647
3555
35344
23857
31534
2491
27246
38613
5256
18691
33795
39391
40426
17507
8995
33017
48077
12178
1275
24065
21115
34418
15915
21990
14540
17281
17418
30235
15258
4850
5297
24452
48138
32888
11964
12636
18168
23410
17885
17738
16291
28472
47743
39109
36110
8040
19976
44286
44580
28637
35140
11435
4146
40607
41874
34554
32949
49944
3567
41699
32594
40609
4690
21576
24935
439
35689
799
1714
10671
2579
4223
44964
31286
37687
38741
6198
41577
28938
35481
11141
5947
8694
10727
12982
28151
42184
25052
11800
20525
5320
30718
46699
36720
11812
36604
8065
7273
41390
27189
30749
13565
38513
6379
46729
36252
6650
23464
43352
27901
25664
27987
39137
766
28401
48234
4840
43782
28532
40818
37867
24281
2288
49282
16950
29966
28522
9961
49142
18415
10033
40391
6951
29261
3460
40292
42499
37349
4858
13436
13379
29850
21235
15207
15485
36111
58
10361
32983
27568
22876
19409
41276
12271
25162
40500
22518
41115
28229
39747
1682
35294
49892
10020
5972
39660
31176
40380
27805
47376
16051
6525
48759
48237
447
19129
40697
44158
33102
31791
35085
33094
47695
30267
15334
17932
25948
1198
3899
4818
36765
11387
37756
3423
28603
39515
709
15847
33525
43709
11137
38276
41856
10677
32202
31669
46395
37588
41369
23733
14627
29612
48201
7516
38836
4804
14204
5674
20497
7366
21879
7091
13894
16615
32310
13225
28930
49109
49213
20429
21461
43362
27763
18116
711
20791
42062
11797
49522
15699
1150
48190
48353
43474
24267
13933
47437
4373
23694
577
25051
43385
23845
16061
48741
20878
35823
32893
48984
33700
17986
14697
36146
8143
22117
48435
12044
34211
3756
3893
19647
3760
5314
24174
29291
24888
11589
46619
18673
6462
25869
16702
35293
1523
38131
9685
1640
43481
38025
23777
2767
11100
23108
32852
41715
36170
2471
23842
21627
1135
27465
3044
15450
29750
37844
47559
27994
9167
36864
39614
22368
5377
37797
6917
41997
7571
35298
27551
42888
39349
32757
37805
31133
15396
6760
15261
8993
26992
20566
22782
18560
27443
44426
5273
26945
25297
45307
27293
32874
30109
43610
34135
33827
31135
23921
27319
37003
47583
17467
26044
21940
13731
11090
28257
14114
10485
18789
48182
6638
4574
27749
20560
16833
25239
32710
27475
19005
2425
29834
39398
39331
17326
37503
39361
39943
6261
48540
33782
24980
27157
24562
43781
27110
21510
5591
8551
6439
5112
16654
9317
47051
2430
48653
19322
18939
48805
48988
36288
257
30579
45089
19089
6524
45899
8337
15858
48709
17588
32748
22903
28706
34990
42023
31031
1289
46274
2236
30779
4215
31684
30013
43223
6718
42213
40968
8305
33436
2684
39191
15173
41268
11237
22363
12847
10957
29303
41889
21538
17619
8957
34465
28471
30955
38994
42441
48990
8793
24591
37482
39875
42230
46801
37288
42567
47089
25464
37598
46426
18181
1166
5146
40422
46871
5987
39048
41999
4928
838
5199
31289
38668
32533
39312
42130
5684
10092
18030
52
45426
2220
39588
40116
18182
31746
37701
2844
17328
34801
10072
5970
17909
36094
37316
2802
1182
12198
26816
43274
34576
41527
12172
38332
45446
806
15010
16163
46437
18964
14041
4528
22062
39754
21072
10659
8149
31695
43848
5298
13971
1475
1543
38592
20073
17301
42916
13690
17777
12361
26405
36843
6395
3952
28575
49440
23625
37616
26603
24490
40450
3072
32814
44556
8440
6588
16448
413
12187
15103
47365
44557
25665
16372
21468
24811
18844
128
10324
40866
21142
7207
15103
11746
46330
25113
967
25697
40337
39470
41806
24960
36764
43845
5774
15076
20690
47721
16882
1747
27358
17583
11528
456
25223
43575
25850
13855
3757
43003
35874
22412
10888
9713
46825
32409
21177
49061
35633
39501
39752
15660
33381
23472
16440
330
39250
21777
19078
45281
40525
6734
5096
6986
33749
31142
32942
7178
26166
39565
23532
2107
29545
9221
30643
2676
12708
45541
12130
21540
3628
4730
38354
19498
5633
6394
396
10412
34650
39317
32458
19882
43378
9230
45600
22351
38204
812
24052
38048
4072
33058
47941
22055
10637
36658
12308
40174
3684
37914
14447
44384
29838
29538
22599
942
939
14188
29532
14501
49462
39921
39755
29904
14816
49084
42560
1078
44748
35112
21224
39645
40968
45453
24024
14719
24923
40817
35580
46606
23377
11533
31861
39168
21964
5114
2679
20533
24002
43970
1678
20183
35799
2446
45165
10620
28465
22385
12717
33160
25376
37760
23807
21207
162
360
11182
33035
28408
44314
12857
45803
16785
39485
1317
9973
38892
4269
9072
28336
5728
26245
35035
23340
46379
1414
46573
8027
3329
24253
15149
39829
2963
8248
39124
32967
37692
33016
37208
43553
20167
33505
25594
14328
35465
29589
1840
38817
23412
12797
38798
37179
8223
10380
21441
22431
41445
40335
21089
41921
23454
3448
5405
30285
34347
14355
40899
28339
8330
32602
16193
43987
17365
47815
29644
5244
5728
25110
46925
47214
924
30259
10459
10904
30035
8275
35919
16846
6729
47984
14411
11508
18871
10131
32543
2011
5904
18956
2142
29157
34266
18000
10768
9289
39978
47697
49265
5675
39723
49467
38700
20179
14861
26932
39172
40509
4693
39341
49862
48428
11736
45559
19695
9013
857
2250
8235
12795
36853
47817
6165
16860
1961
46521
29619
32736
17494
11723
39088
11629
9129
48632
7753
22974
22741
16994
7513
35321
44101
24106
39897
26044
16295
14014
47457
33258
2074
11062
25170
46326
31256
25505
48055
10743
31271
2895
33161
22136
28707
31469
48565
6814
45743
24309
48762
23895
48113
37863
22333
41430
14642
49304
40773
37953
20620
24854
5191
11245
14644
49297
40113
5892
28153
45878
11083
28550
367
21209
46853
28250
40088
25958
14988
35332
31280
27592
21598
45998
19727
48983
20780
5973
27301
799
37554
39806
46624
34921
30797
32467
45876
8251
44488
9067
386
3290
558
40525
32308
16923
46481
47526
27267
20903
40955
14535
6654
10425
18414
41874
615
33556
33429
21888
42338
48800
24210
30443
3170
14835
26146
31654
15553
27312
31588
6287
11159
42378
35637
39825
37406
15631
41503
20859
35477
36876
18447
28982
48077
17327
5806
44154
46980
46320
5174
14289
19962
47709
2529
17133
2762
34014
27444
31056
41051
29025
38528
40823
3293
31359
1759
45770
37456
34485
43139
26853
45506
9310
3327
37966
2056
34914
46774
18869
44216
11084
10445
28541
15339
43646
3824
34596
28165
43167
12941
37538
40636
10600
8222
26240
9014
47516
28040
17065
28746
20987
33719
10518
32824
23801
46044
314
10578
18911
7345
27531
2515
47295
13403
5730
14236
11423
43549
37481
20674
3767
36827
2415
34187
40334
12287
31245
19024
29787
48710
24460
17344
41233
28207
23461
35411
43867
40798
9572
5820
24728
16389
49487
12604
39968
44840
20459
35377
38591
46537
32821
32112
34178
20682
49910
32278
40296
27995
42641
6129
32948
49089
33378
19760
41525
29550
16519
47761
43397
12861
13472
47225
26150
20723
49181
15301
35455
34659
39022
26630
25128
912
32739
8081
46375
8321
27953
9920
7917
32547
15450
27328
39295
12611
39591
12487
3028
16619
33284
46980
34736
44576
171
25924
34390
45579
10076
30163
40160
17462
49497
35322
31218
46449
14143
31727
13126
30365
47789
41034
6840
10975
34146
17671
21927
8791
30840
3308
10206
2573
26264
38677
25902
17140
21968
912
1034
24774
41117
11768
12113
34131
33447
35176
36445
41608
41258
8371
41740
33237
2332
45205
46695
15386
15276
18970
42122
2440
12126
24884
45309
32211
17543
38130
5407
10232
23017
29156
2172
22444
48830
2299
35275
19294
14903
30573
40700
27795
8955
18057
18713
44474
37139
14348
38508
27228
20160
47088
1514
3819
27151
7529
29617
40157
44871
21261
43410
23824
290
17897
3218
4276
22366
40542
33508
4996
41377
21651
43496
6315
12724
45148
10912
21655
3323
42059
49645
11299
49399
44079
1757
13446
45596
43439
44950
1217
6472
43869
1304
35463
22744
3843
47506
40708
4377
44808
17279
660
46369
48908
24595
45546
38422
5661
20658
41852
32270
3099
17399
49376
11266
22097
2612
14237
41177
30118
24334
44783
13647
14689
45996
48915
46551
48176
45779
9628
31254
32049
46619
35037
32266
9257
3039
21017
42490
35633
34578
10904
33727
24930
18497
18792
14487
12365
47100
38095
45140
45660
36731
11407
9124
46302
43843
15487
5526
18051
20263
43828
32584
40703
6626
2074
5964
18583
41099
1676
18930
16634
15712
33402
14673
16812
7864
620
28516
35712
5278
4257
29915
6428
4731
40414
13395
16264
32691
6307
4002
21100
28410
38574
26561
33350
13020
4934
38078
18143
33033
13696
13154
9115
29815
2504
48149
36732
29294
26419
38406
24971
8493
7658
49017
3388
18491
35889
36797
13500
49136
7287
34923
15830
1860
30532
41637
36076
36638
36955
11077
31680
5748
29257
35392
16488
41517
33455
37315
16910
32586
37590
20362
18935
28856
2466
13517
36832
40053
30713
25986
37505
34922
2245
17381
12233
49052
26184
20314
24650
34592
41576
11186
49374
37276
3058
25180
40055
18067
7343
11414
22924
35996
9873
15091
37984
28988
46246
31143
7380
24108
11951
2739
23215
4941
41506
45557
48293
38044
32431
45967
27224
47150
21968
6039
45505
13766
8222
18598
11470
9333
5368
992
35220
40922
47869
45240
21678
47387
45678
45764
41538
41925
28310
47771
21884
24180
22060
47524
49284
7807
22870
22032
47231
7690
49855
12895
27160
41473
31714
35786
9638
5596
19319
41827
40839
42942
17114
27435
7597
13675
39511
22501
3356
18540
1547
46071
48038
43068
23402
35242
43780
42702
29661
24209
2816
28986
36833
15384
35842
33471
46769
2022
44550
44997
16393
37904
3925
48272
9952
28399
45559
43053
19265
16202
27845
36909
43325
37846
4822
41760
31533
14419
45462
11665
44469
11426
9855
45143
32483
11241
33328
1366
21416
42262
15969
31771
417
3104
30462
35558
2170
18868
43504
34050
11579
6782
29876
47914
6852
34191
32825
6236
25037
35563
35230
10934
21589
33232
11316
17093
21177
35154
11641
18521
37022
39062
6041
17945
40189
21518
34175
17719
10450
24796
14724
34870
37707
20098
48656
17530
22735
21368
30916
43127
36519
1707
21902
21512
10363
42739
47006
43718
5279
6217
45844
8503
13134
30951
22338
28809
41049
10925
7269
8706
46960
46552
40774
14040
20846
18891
44280
10662
17447
17007
46345
40168
32528
17312
20233
49972
49359
26207
39855
29139
47638
39874
1776
38018
12531
43365
46071
22072
17568
30444
15733
3112
10968
42416
45336
45444
24822
23879
39446
37728
8593
24518
47444
7960
8224
30046
47922
10571
33457
955
38590
33237
6887
7877
39790
8477
12187
11078
20103
47167
31840
34968
2692
47901
5197
22649
13550
41274
3415
33694
23873
31515
9375
36227
22013
31163
21744
47760
12324
21550
9694
29931
27947
11335
28816
43548
29842
2058
27831
19357
42125
31857
26520
7790
25891
26994
2008
48268
29705
19560
27822
38796
40061
3780
14094
37919
28494
1016
12518
4714
26754
1296
18404
2426
14474
40324
30565
7849
29584
43387
18228
13225
24259
48785
37255
18771
40463
44363
37514
34017
49803
46209
18384
34214
25360
28932
15217
2505
22837
27476
15654
9402
6917
3122
37544
46398
26663
10528
27083
40135
400
25330
32449
22256
24807
2925
12660
28747
19013
40186
45931
18811
39274
18040
40634
2861
15187
56
15298
18100
44549
48671
8111
5455
45901
20110
41480
7985
4487
47628
37607
47340
39654
30180
3872
6662
26229
31975
4091
48243
40385
25724
25056
33986
25356
20305
32201
21088
25936
25802
26854
35023
18842
10393
3119
47118
6509
33940
3390
32814
22450
23734
28025
27851
879
22373
37164
39126
11873
44659
2348
23239
25349
23624
48377
39039
1848
35829
24863
17806
42656
23038
37300
37607
7345
6694
16781
34603
35757
34813
35509
33685
29660
14483
5627
9374
26968
22806
1586
11120
9122
28364
1604
31642
7967
44985
5121
5154
1720
14835
36837
10055
46015
367
5448
31735
8935
39525
29744
20424
29709
5559
35794
47276
42599
22921
10361
16136
24521
28067
27903
45176
17506
21279
40039
33412
24085
17631
27320
39620
38082
29356
23011
17722
40819
43784
15645
19977
38936
77
47636
6420
20478
22619
6438
30400
42129
12202
8477
42660
44795
20867
38202
24225
7429
17686
33704
28190
21698
27731
4438
17648
23622
19175
33636
41920
23829
16622
692
15860
44612
9563
6576
13937
46546
11621
11794
45293
32777
5050
32674
30265
41987
29597
18711
48111
26245
47344
14701
22980
5451
20056
17985
12472
2009
14923
16140
45921
46740
2036
19197
32942
29852
27511
7246
25512
19693
33646
34758
34460
3075
45258
1233
10753
1945
18479
42522
49765
35578
11425
22183
17939
39187
4172
41315
48838
23752
16514
42406
49740
4648
25751
37904
19415
35330
16284
37644
6114
24199
45265
39558
1550
8778
9955
40042
8211
7797
30040
25744
48142
38962
22332
30670
21414
10271
36258
2009
1602
7428
22151
6787
7073
13271
5387
41863
3706
35279
47521
24404
16083
12676
29674
45793
27565
9321
49885
27226
49419
13224
38996
19730
11831
34339
34099
11997
43690
47729
10071
36022
8092
2771
5237
31559
2285
31876
19413
13370
49411
32317
5
8969
13230
35188
21805
25888
27135
37763
7080
10867
21754
18632
10630
13337
25429
33484
39445
3762
49787
48975
46934
8652
11789
28530
46086
533
10564
37754
16495
45155
35045
29501
6843
36358
40235
46964
17328
7406
7112
14375
38135
29112
2494
45374
1399
31883
39981
12671
37215
31607
17565
30550
15080
29432
16580
21776
17936
46899
11123
13388
21078
35134
45293
27036
37684
45391
21407
430
36237
34960
34413
6516
20267
33191
13242
9684
14044
45104
19788
23874
6884
45424
48472
7649
27803
17868
15915
39589
10743
8619
29541
5388
35746
13214
24290
12190
46247
40680
30934
48821
3326
10390
29606
11931
43795
36207
25546
4240
31107
46239
3079
34021
23646
38160
46418
4073
30565
36501
42145
8400
2894
48665
13984
5709
13227
28450
24423
45098
40077
46891
40702
40517
16227
39334
23939
45771
37389
5248
14010
46455
43365
2897
38847
7759
19960
39159
13077
3740
21136
34404
40755
25692
17500
49205
37365
1437
48566
49076
16129
19744
45426
21386
9806
12157
34575
49682
14501
40411
39344
35664
28635
20591
36466
35445
27964
41687
1484
24123
31512
27254
24654
48413
25398
12577
3201
23824
32355
43657
28172
22871
36830
1636
746
35315
30227
35269
49312
9002
26437
45789
18631
4865
7237
40801
45883
24607
13844
38902
42467
11374
38642
49012
45341
979
20604
15518
12352
47299
3356
14695
24589
22796
44472
7675
32519
23705
26996
48895
16717
47851
13695
39360
45163
35894
36887
27196
26467
39156
46584
11606
8926
16168
33828
15968
49742
46165
15091
46141
31329
13009
7523
11228
8767
44388
6992
14903
16101
36987
15536
35119
22585
11882
32816
9963
36436
3314
36252
23038
44531
3430
44478
41031
45291
4093
45486
31352
3198
9077
16564
22378
24209
12106
12747
22588
28262
34208
12378
39049
48688
47714
35877
41192
40921
46407
12677
34292
23599
31859
6133
24953
33521
24331
27972
11217
17618
15310
841
22029
8059
16007
40510
28496
5160
39309
15082
7926
9325
3039
1880
21754
44517
33146
11060
30760
10003
33174
19647
24099
26882
44819
17909
21283
19008
18765
35017
7519
24483
5912
30292
1622
4731
48831
10076
46689
31632
40659
28927
41952
28116
21153
404
23783
11361
2395
29202
28497
18930
39391
19724
32988
14268
14787
16996
26450
38091
33552
12067
38956
17643
45286
24932
40673
5263
26326
10148
29915
42242
21911
37675
6359
26020
34533
26445
31144
33281
32450
46572
34232
28563
35963
22277
46738
49316
17313
43989
26657
511
18976
2449
34903
23370
31619
5260
48564
15352
33120
5710
519
42050
11675
102
40222
44077
25943
33231
9770
28286
32766
509
46479
46549
4591
30350
23637
31824
3956
47432
38602
28167
11813
31600
6012
34164
22997
13261
16689
19710
12785
11205
19901
22940
11795
9807
35066
1521
24564
34768
23104
44199
31521
16739
25671
2725
23661
23605
21521
38248
8025
11067
29534
25749
21994
8877
15671
43726
16446
18886
19163
12237
34140
41186
20159
7994
2478
8227
46312
46630
26481
27929
29075
44283
30848
37176
27391
45603
3620
49996
4636
11365
39919
39711
33318
16983
38348
2819
26320
16121
23380
26481
12003
42753
29112
7750
40791
7577
48464
40078
46207
48482
30737
18633
38949
20450
33738
11286
24300
49868
37313
4303
27608
2880
24755
28818
24638
11982
4977
26585
19080
48190
15377
45624
39837
48955
24009
30073
33762
25996
16354
38974
35718
14231
16029
20663
19380
5818
5896
45136
28881
43920
43439
24982
25830
5691
49792
3259
29621
32805
16714
40463
11630
22565
6759
35311
14495
17705
28537
47129
9825
33081
29151
19290
31905
40877
3176
48980
49944
22284
13491
20431
8065
18630
1548
27886
48956
48690
44559
39788
33990
47735
15012
27331
10035
44325
27714
2963
17108
45361
44839
22313
34024
26742
42582
40769
20679
45772
38029
48469
36666
37021
5457
11619
14670
10377
39743
1900
1817
7818
33567
18337
18035
26553
46520
8597
31189
27853
20415
2351
32695
10441
1281
44827
45439
13646
32041
40001
35019
20995
10159
47994
1223
3988
21673
38972
11736
37659
41568
27635
17836
10472
21716
17594
25312
27941
1881
46899
40018
40742
12881
30975
48689
38919
32845
23005
32516
13869
14088
34647
45386
11092
32373
22264
46351
11178
25505
10165
29661
12001
48166
45259
39880
34940
16105
31990
35787
4673
20418
22279
40308
38291
25430
22147
38102
38258
16087
4172
49637
3862
45580
4117
28792
10470
25217
33236
138
39478
22828
14808
36442
30042
32820
28366
601
34017
43322
16999
45070
40941
38855
48310
16469
44462
28284
33316
10860
44284
14500
9844
19074
23808
37163
36597
3254
13947
39915
18708
39688
7055
15007
26680
40710
15508
7979
6989
19799
47234
43551
18625
48106
40467
38918
11701
3354
10623
48766
19516
6169
33582
21021
41092
17789
39276
4999
5743
34528
775
22475
33848
17096
12563
1150
39726
34471
6174
34471
43454
44907
42656
13347
41813
29977
37141
45357
12463
49597
33537
22230
9455
3054
11541
1364
12003
32617
27884
6035
4118
28417
15413
49248
33525
11597
3275
5743
4342
42044
10903
36594
33977
8479
38723
1827
42448
13328
3266
23880
13750
35604
35170
23405
19912
45325
26526
24894
13934
17293
33034
8320
45684
41138
47761
14249
10774
37205
32437
40727
31432
32107
47877
28981
36501
31989
18437
32139
5064
23534
22907
38072
5047
48875
14515
47869
22782
34721
45883
35728
20661
4048
39471
2273
45256
49702
6960
44320
46261
49950
18149
20583
6352
42327
43317
39757
27472
49857
39589
19945
4757
10474
23460
7249
22850
29957
14432
33527
40839
44870
25092
11362
38111
1083
26532
39584
30796
9522
31845
12883
29871
7395
24452
44844
17427
30920
20971
15683
31661
40373
5359
20376
30400
21042
22322
49895
27290
29955
11549
42820
2537
43835
12141
22142
1395
37176
42180
13066
25275
15637
14160
41102
27309
40528
34361
40012
24145
30175
9510
39561
34124
16248
3329
28399
19668
21881
38173
40825
12836
1466
29719
41349
28726
17289
34439
20857
46220
5987
8956
27951
48580
38394
12643
11452
18831
11982
21702
2921
3741
37516
13089
16848
12007
25257
34669
44869
35159
29238
14177
41142
8961
30852
27577
43621
48613
26845
31571
23571
41409
1098
13508
43933
18780
14907
22449
18707
42566
46190
41483
36488
242
21330
16808
24529
21885
41330
42564
28984
15120
19862
25983
24907
10674
44356
39447
42409
24243
15841
379
43978
48996
23135
45042
21440
26638
42589
25864
49302
33381
16081
19086
46516
18913
4725
39349
45181
39955
28519
10586
19619
32279
24600
41036
25409
6422
2363
26531
11642
34001
274
6084
45606
1823
35040
23744
36483
49890
11471
28145
22559
30147
28323
11171
44679
26357
14069
42904
14330
1356
1805
49709
36676
11290
23245
49906
1560
48648
6873
9078
49301
25266
7185
18540
7128
32120
39416
7914
22113
368
35383
48049
35843
17923
24675
35618
29572
19422
21442
33882
39168
18939
47998
19091
24712
29859
26292
45724
472
15333
37549
11003
10845
15471
7788
28326
16131
4795
7234
12305
28444
7672
28322
33908
29013
5561
36127
26380
22931
49755
23080
14505
19968
47977
20076
29073
36164
48697
23936
41620
43361
31184
21178
39711
23057
35700
28863
34773
29198
47480
14790
23340
16720
9112
26486
33360
29394
41419
42521
24369
17917
168
43723
25189
14078
6922
48009
17360
20681
29368
31571
43686
31049
5404
22266
8163
40594
13124
24888
33017
49832
19316
39449
43545
14516
49596
49093
36456
8628
11308
38162
29451
5982
17653
48171
612
24992
30283
26214
21223
37028
3333
13144
27936
13175
47124
14906
31532
37181
8745
48628
47406
47110
3082
40235
42467
21991
47363
11274
41611
21075
21333
43321
38480
39197
33400
24526
47365
1014
34976
1518
35657
47706
22514
38219
36585
19607
19797
31132
40527
9708
7788
5873
6525
44364
5245
16384
39998
26091
30284
5530
35325
13674
2365
24926
31637
16946
13877
44844
27884
8984
45391
27132
1595
46759
11046
5261
1732
19378
43461
47965
41691
39342
21810
35224
37959
29403
44199
28370
16390
28579
806
28881
41564
354
13224
39734
27812
9094
22300
4899
9575
44212
27707
10753
33256
36267
38947
16660
30952
8810
26374
41358
1772
46381
13651
18840
21702
11361
48584
29890
37673
19225
15062
22186
4090
48310
35682
33503
21286
33326
33574
26511
37218
9075
13752
35047
18154
32849
36381
19976
41517
26153
33908
10793
48257
38299
43692
4417
19689
18270
46998
48504
11972
12841
37420
41332
42664
2239
4382
45639
48054
8355
43614
3829
33363
20397
1108
36087
10439
39847
33
29701
35292
26234
24010
12226
7800
15336
5966
38941
34169
9293
42215
4858
19808
44246
45400
43800
42213
9808
22163
7047
39863
15493
49157
4759
39001
39723
18344
13767
26704
32514
13471
33258
9475
5012
6133
30849
47999
2288
29182
3073
1810
6447
45976
46545
46518
14292
432
11324
11633
12722
16721
26452
14271
31900
44328
19534
32233
8971
30303
26752
18124
32287
29848
40323
21826
26725
7135
9015
35863
17631
36784
37089
30441
31391
21687
47152
45059
23623
18979
10296
6379
8208
23067
2927
33235
29602
18517
28265
23405
34544
22323
30036
38651
37668
1564
46171
14123
34977
17033
30976
7039
29457
2740
21685
48136
45742
37689
7158
40305
34085
15907
5273
23899
22878
10516
31089
23314
2567
27403
18800
9058
18272
13902
39608
42754
3788
48861
28746
3904
39795
38540
2180
21921
38127
25953
42908
31118
25204
18846
32793
14760
38078
41816
30444
45836
44245
41882
25108
1600
42568
48282
29974
38527
5980
41709
30137
22808
1964
12618
22559
28046
7820
16459
19395
45329
32955
3611
32164
31209
47844
15098
10374
37946
32157
22411
17389
40291
3997
47397
28978
471
6903
22355
41975
48958
9478
34829
36366
5829
21561
15232
36912
37640
9288
47437
24773
30060
14992
10359
16948
35312
30005
4522
2189
4812
31563
41841
10584
3431
12520
4242
42398
47061
34886
7911
9102
37388
30221
19950
34327
16459
1851
33332
30751
24475
21333
22800
14558
30408
4457
39197
16856
4232
42335
17582
33650
27416
2821
18492
9422
41978
45191
7390
45727
5369
15817
20481
25819
3418
25545
1795
32660
25894
39140
44573
35041
15833
883
42146
38122
9965
20659
21620
326
10526
62
8661
29617
35630
40461
37521
44771
7850
36315
46080
24534
40062
25906
20066
35217
36374
37193
20297
20345
7468
23927
36242
8361
17905
47869
39806
21855
15583
2961
23269
22830
15294
40793
22198
48372
1323
41600
22652
44839
47054
15229
48194
23036
8935
13478
25750
31383
26251
45417
33012
11761
7974
40526
1771
36834
23300
17849
41667
16368
36026
44641
28429
6640
14198
22350
2907
27564
7749
41660
11530
36596
17752
46861
27055
6721
40863
3150
41199
20149
2138
32172
33870
7743
11842
36102
35247
40683
34176
34519
45467
41961
29975
41208
6439
21206
19221
18732
6989
8618
3035
7529
13925
18470
8778
13438
46141
41061
48795
31258
3324
47163
11430
23075
31172
33758
1858
42592
7438
45308
30284
15454
8062
38219
21718
11190
24346
45526
9667
42512
24439
9302
8463
35470
42681
43041
44320
21864
49013
9220
18667
40686
15227
41754
3132
28865
15137
31296
45737
47828
43003
48388
8005
17942
42339
40639
210
31381
4278
31131
5081
8977
5541
27962
7649
26682
34938
784
18862
18240
28370
28833
16329
36729
3339
30288
48742
31631
667
12570
42036
22741
26032
21712
24912
20423
11523
25204
25203
28596
3645
17255
44618
12870
28253
33120
40527
6986
22691
6401
11881
1461
39102
18391
26805
2358
34420
42941
3417
7731
46874
35435
42924
8380
36559
19633
32343
4850
9724
20391
27157
31630
24081
12616
14944
13909
10193
17734
4819
37976
6410
34031
42411
7749
44077
15911
18972
1119
30144
26160
45126
18886
15651
44817
28885
4805
9011
14858
23079
21438
19668
46723
23807
40362
39001
16592
20763
28490
44498
18617
35708
25502
15215
24230
20365
43254
34735
13181
31960
36241
19169
45332
27495
5960
9157
37552
3892
33584
24838
11043
23427
136
47090
47157
44326
34860
16892
27209
14492
29158
30298
40930
16419
39804
49898
10028
11112
35416
36599
46510
7175
11191
35774
16553
17028
34922
576
13946
48899
12797
10055
29534
14220
45498
12095
24799
3136
8009
438
34303
24965
18293
20658
30826
23377
19183
12514
11562
36222
21771
47007
12659
12250
4987
49588
38185
44011
45494
20400
2741
33015
14198
27583
43128
43032
662
3369
11876
7909
22167
23966
47327
48469
5333
18329
20165
19278
25726
42201
2992
44866
13924
34356
14658
5
17009
8884
8943
4825
44565
1953
5797
19185
33918
1113
3149
31291
5331
23383
46035
31033
8526
13321
33905
5827
34822
42182
19395
33956
7972
17381
1173
24583
29780
32361
39212
40151
3166
21366
8550
37498
33109
33464
3391
960
12332
26340
44361
6613
39879
16653
17281
48260
47913
25084
23842
21396
31806
38236
48486
46342
5016
1400
13831
1890
13725
42
1207
48797
27325
48524
14917
22098
4470
38577
12222
27383
2616
47732
3420
13036
18840
17749
36052
47208
3890
40598
10077
11724
44846
11376
33
24426
41565
23718
25487
3474
28270
45903
26181
43887
41321
37476
7304
41562
18733
36798
4038
41944
26732
39691
47106
26273
41721
30200
35746
16855
43679
25937
11900
42920
2166
48461
10627
22707
44240
18370
13077
23234
24046
34863
36107
5864
3630
13181
26202
9949
29281
39797
23764
3267
46070
5410
32140
7475
46418
4944
25161
3696
45420
7296
5305
33881
22836
24931
36778
24860
22220
18158
36536
3082
14262
29565
748
6848
26616
14536
45803
31343
18426
46833
1257
29451
49310
34346
31179
21594
18931
12448
26399
44669
49631
12323
1807
18632
17688
39990
16716
6682
35118
15719
25069
13197
44517
47431
31709
15245
42244
34449
12768
22971
35227
49438
46566
28369
42166
47600
6365
47466
47099
48407
42490
44373
29995
16259
28399
7715
28261
2306
19740
20838
2828
535
35181
19461
17076
48919
18677
39072
19766
3801
34807
32792
35998
45830
31407
6990
43725
27481
29882
46105
3037
19294
49866
12029
28567
47629
1764
8712
19281
23069
17639
39117
32390
42594
4398
47138
29683
44697
1942
47913
48674
35763
35556
20270
42976
27374
17950
17673
25086
35993
38257
17501
19570
34878
44964
2333
24100
39146
7841
45800
21966
13769
24477
19676
23022
39219
37360
27511
16658
44646
40308
13381
9817
4430
1847
48632
36498
1380
47225
36697
24795
23919
27272
5022
2791
47621
11476
46887
30794
27549
11836
11844
44674
11553
41438
41379
8375
7529
6786
41787
17333
1353
35509
15427
12803
23185
28085
44526
28134
49743
44033
39343
16165
38407
40201
45750
7816
5432
38529
2287
3549
39073
190
46119
17375
48671
26436
13142
20551
11282
40010
27769
29744
2851
31787
3349
23752
14791
29635
24540
14124
3739
29278
7211
10996
28568
10489
28004
37848
7682
3111
18586
7665
3645
46588
24375
23656
46323
12385
7768
17956
2541
15018
46568
22499
30053
1776
25837
46536
44023
42688
43327
23588
37627
38203
16111
36395
15566
937
24578
19245
11797
30027
35044
37632
1508
9936
38332
43159
19587
26832
10188
892
44523
47421
22694
47877
26220
44765
26338
11377
15410
3748
21401
25809
42239
29051
45570
20377
34118
3725
43798
13700
19714
16105
29234
23766
44970
12765
47113
4957
36545
7065
40192
35616
16282
7143
3798
9906
27926
7463
17040
12711
47325
1805
11527
23718
23768
25231
48714
47378
25701
27361
19082
26627
27700
35128
20029
48537
26603
25010
11713
31146
44898
36773
12962
41714
41148
6853
17168
3881
11251
37328
44780
11836
6982
44124
38394
49039
29327
46896
21382
16147
12760
4050
36507
21852
46433
13407
555
40148
48336
21821
31195
34991
46373
30363
20897
14538
18238
45696
33111
14054
10094
2020
5781
42021
46199
10720
2471
23438
47738
6848
33782
27134
24618
986
27498
46309
1469
37102
32434
22603
37207
6335
15133
12484
32222
3660
6443
28992
9691
35389
17663
2973
9299
10596
2298
4986
26829
16046
28345
5334
43459
8631
39023
9490
4393
5284
43113
1457
46548
5769
22172
16414
43029
40496
15185
18244
2712
31650
23224
40141
11783
25191
18771
18576
46083
34839
1306
32639
44798
9368
36859
38903
2967
32364
30361
7340
47410
39424
3050
20473
24290
11249
42849
16025
7892
36629
21693
22053
47701
32004
30749
32185
31781
1857
42850
42942
20307
49349
8489
41214
29997
12154
21318
41967
33453
9974
1915
18461
1441
23724
43257
49595
30143
23401
31556
4048
28183
655
40637
39109
48421
33450
38047
38667
5067
32054
33983
16215
6644
23923
44271
36843
10756
4759
17682
33254
1602
30739
28314
26251
37814
42744
21255
44833
42905
43771
27925
2826
22454
43466
1604
7929
26535
35920
1079
39835
21185
40379
26477
41559
27766
38933
8557
23120
19017
16109
42657
31549
34275
26652
47816
7501
23757
32112
13667
43012
19105
36285
42615
32006
20592
42953
22703
35574
20788
11951
14846
28031
30578
5413
1100
48287
36855
6190
30495
526
42057
36084
32165
24020
25248
14700
37746
2644
10227
5474
41667
28004
27364
22706
29688
37451
33252
14575
43716
39500
15163
10455
43312
4446
33659
42394
862
43448
48326
42586
40981
34825
28713
18113
37089
43638
1698
42342
26400
39421
10351
18867
34426
41488
12602
25309
12337
19748
11781
22983
5583
27961
34014
4953
17413
42901
46334
19930
13256
1361
33260
19444
19558
6736
32574
14053
30013
22169
36116
46318
40892
35020
6167
12435
18283
12298
7634
40300
29507
16046
2207
1198
11911
39820
41897
568
3859
48790
42493
33510
13071
1210
17266
44432
10860
27356
49054
32280
33054
15037
41384
8261
41451
45228
20376
15147
9909
43083
37409
15879
42276
22921
39726
32037
43241
5915
44392
29085
42044
31849
21937
26888
40851
16405
19651
36190
35665
31678
36249
32283
5664
2804
37864
17222
15058
35662
35584
10858
38395
46384
34442
23832
40912
35345
26640
6292
6524
30431
39412
35770
48552
7084
48874
25623
35527
31784
1407
44323
7679
34659
49860
31849
23720
24094
30249
48216
18335
16007
48767
40785
8547
27407
26688
2770
25502
3296
22016
16553
21356
237
30110
18059
13151
6336
6264
3528
19696
39185
48117
29097
22540
21762
8719
7152
49415
1123
43654
11474
7393
10136
13625
33319
26087
13001
2590
21497
43659
7652
20169
18189
10630
17419
38270
9205
9201
44593
33512
36867
28473
4472
47879
30119
28141
5274
37160
9650
41409
21097
35440
34704
36102
12642
40536
44654
17264
47557
36808
226
31588
20750
1482
38780
21533
29976
35702
3183
11540
37351
20426
47838
7996
45907
41334
27707
30985
22489
5005
15274
36591
26207
33284
28885
34939
34444
35439
49145
24185
41501
25094
29524
49445
33028
22049
38695
14777
9128
22912
2177
15987
35507
47316
7037
34087
30804
16731
49641
24251
22057
41195
13827
11504
32888
25592
33847
31652
17804
29291
34095
946
33500
3239
36510
3049
33505
25651
36121
3360
7765
5572
18108
9928
8113
12164
47585
44190
3712
10096
37610
24289
29412
28033
10462
38767
79
1551
17591
25908
1028
29450
14459
48267
2071
49595
5166
13079
7373
44563
26850
46766
5928
8685
23342
7311
16053
46522
41444
28844
19065
6807
22849
9640
23757
12674
27997
30584
12946
20123
11797
38746
8971
31841
28586
43567
500
458
7712
40839
6609
5679
38706
18108
212
18336
22447
14523
3793
15295
18200
20442
42607
29111
37049
45073
30329
2420
1100
2831
42201
5280
21270
36218
49623
22056
10277
38305
4972
9609
10310
11496
48317
15875
13732
9686
37618
40932
49733
11689
8651
9457
29026
27730
33848
4843
36682
24148
14628
47479
40482
10230
29502
43577
22776
15056
310
46821
32273
41170
15799
40942
8994
17290
48870
2704
21820
14700
2928
10243
632
34041
924
37619
19119
17577
39886
41247
15787
4199
35521
20306
10202
5310
34624
28183
11212
44483
6363
1001
9065
5765
25062
4232
44165
24620
49592
40709
45703
1592
10103
32122
49451
25108
28749
22174
22912
3105
47893
4450
21560
9847
46108
16427
17558
15258
32126
11626
28775
34891
19408
45583
17937
29691
37354
15393
8096
28103
8044
29876
33586
43310
7828
13231
41410
40985
40627
36861
44365
24869
35148
46610
45624
21525
40664
8233
33092
31939
43189
8201
37245
11643
48129
13582
22929
9166
20742
45687
34191
44692
13836
33107
46529
40239
35887
21038
32793
45613
22273
31920
5831
22416
24537
5720
8503
22929
16342
29865
32785
624
46743
18911
24293
29545
22043
47935
39422
44429
23616
1810
10084
38791
24263
42426
34095
7627
11659
1232
20218
20959
11115
48473
15989
8482
37600
49893
15558
20702
20363
19270
37357
4879
39575
15653
6094
42449
37955
46513
39864
20876
18568
49132
44864
23623
20253
34013
23926
16272
37656
3003
47830
34166
15551
29067
49971
3765
32846
33692
29537
9226
8751
33935
47171
6561
35314
18139
9747
23113
29020
6126
32103
37782
35557
2021
20754
23373
28930
15770
33188
25347
2992
38333
25982
23848
24624
15283
14548
21154
11809
29761
18798
47041
37359
20606
7232
22385
12406
30069
12616
48805
16485
40636
45860
19162
18903
33911
28713
45616
23921
43512
7762
37642
42077
49170
35254
6133
36273
7478
42496
20116
10380
41670
38125
2796
11252
32075
11389
11980
24358
44632
18896
3154
47844
17280
32218
19015
29960
7661
15088
708
41244
36092
22680
13954
34054
31989
5771
26440
2603
31797
42250
4143
4683
49493
38434
49004
46165
38366
13241
19531
29186
39062
28260
4347
671
1084
7444
11894
47026
9657
12195
8039
33556
35740
7120
39704
6264
46853
7448
41637
29912
36335
19306
14962
44809
22783
2661
5146
14935
21176
49642
39707
4526
28922
22556
2789
2652
47288
20432
15087
4541
46797
23548
13091
10189
21555
845
17705
11429
24272
35716
20298
3163
13746
30533
13406
24322
16275
4147
42367
9179
48907
7100
974
4324
11445
8391
17880
1323
28485
33678
38696
15691
14239
22817
7329
41120
10808
38396
42940
29093
5520
32621
27560
7790
30617
19838
19839
49989
3
30602
3521
16782
2986
28387
49787
22429
34596
9737
28274
15987
29942
21470
17334
48135
49405
37230
42898
38166
22974
38142
6703
34378
31789
32160
37680
39763
2485
19709
31648
44112
28534
44370
18819
13614
36936
34446
8578
4155
36001
31258
1264
39327
12643
15614
17541
39527
9972
35114
9769
22480
29406
22262
29545
30367
16805
34602
7784
36389
36219
24542
6687
37472
21213
11466
13419
11443
27166
3495
4821
10517
37394
44037
21412
28630
44523
37582
8787
22534
38105
1071
7675
39484
34925
41599
17191
31841
43838
18866
26117
8153
47845
6440
34398
27867
1732
46712
3218
10505
6497
49439
20682
28265
48314
42022
32749
39282
6826
1588
610
17297
5072
21687
701
3715
38645
21858
8056
25421
17418
20057
44890
1917
37131
22983
18667
49479
18912
41465
10183
27450
42601
19274
46764
25193
49754
1692
39799
41478
41035
44475
3949
32355
22923
5694
16675
3885
33125
7242
10722
1267
32018
12077
14229
18355
29029
33483
38760
40823
42805
16
48895
8754
16200
28001
29821
18227
12629
34819
31763
32411
34745
26565
30990
26609
49341
28460
12193
45275
26348
6260
6438
31389
35858
41584
27312
20332
30460
17804
35817
43723
8997
12798
22022
8898
30348
28531
38371
13400
6810
34867
26146
22072
48100
22082
28
40380
19140
26913
26056
15136
45639
24369
24557
8904
11679
7429
19808
42323
41164
472
26394
14684
48854
47868
34809
24227
9901
48905
8491
11805
15178
36682
15341
27318
38764
47550
44824
39668
6146
35821
41952
41803
33595
18977
23412
38117
18613
14841
17724
1398
46900
46538
15979
39674
40360
18587
14296
35164
15048
1697
13888
7637
34034
2808
15639
9773
8284
49983
16199
24137
31946
24486
5523
27859
9959
38088
23926
1538
31845
4898
2331
48616
32698
16953
38555
48511
15085
40774
17751
43503
12036
23528
20374
32006
29549
19912
33016
38982
42751
12822
14709
17483
41194
7798
37898
49378
25513
34509
5046
24527
43376
15131
23499
48604
9268
31872
23746
46473
43163
35269
39437
25474
37771
586
33802
9041
19942
48426
7942
12194
8887
48283
1749
1330
43989
41711
33412
22822
18111
40294
12535
37077
3162
5816
17335
13346
31855
46674
32585
877
43595
46562
42794
16066
21596
10430
22809
7777
40315
25901
9953
16415
4004
10642
5557
9121
7810
5877
30373
5034
30925
13553
12576
36425
31949
7828
8403
23737
16265
16746
11288
39513
22553
40833
31339
35732
941
37016
8431
42509
20426
36360
4864
23674
37991
6535
35435
2921
537
20688
6437
23663
49834
22097
18325
3194
24511
18131
46047
2172
47323
27122
13648
43443
21019
42455
18403
15356
17564
35005
17906
26356
4697
43997
21732
28568
9601
42197
11082
23020
16018
45088
33215
27912
36036
22852
15494
25769
13961
34872
6134
46284
40910
18332
4214
1646
26624
27513
45176
46590
31068
23681
9567
6273
41563
49253
42467
25413
44530
11315
29922
15059
40114
35408
35285
9087
27789
28102
272
44209
869
26306
16250
37130
25022
500
7718
6822
4414
41983
24186
24066
42790
40769
21515
34276
42684
15633
20989
14880
27818
19806
49564
25741
20506
41331
9466
28685
10781
23907
39677
5581
45656
25497
5936
41510
24413
29630
28674
16259
13031
13123
11891
39567
36974
5656
24380
10526
10458
32713
45230
3441
24640
21438
34853
29266
19575
3316
47452
22689
4434
15745
41053
19632
33207
36483
25002
5741
45079
49770
47021
20855
18603
3540
2500
41487
49325
45707
18057
36010
25814
32885
28693
48284
25197
23354
10443
26572
7230
13743
12344
33597
26421
9327
23779
35501
27333
8805
39035
23368
37895
39941
24342
41991
11061
40447
44516
9029
32639
38382
39952
16896
21331
31498
21450
29054
15235
25842
10975
27466
34630
18905
5733
48448
13535
5859
13949
8145
36868
20291
10021
14533
35502
30146
36126
371
31962
4611
18900
22507
12603
3662
19381
5074
30588
22910
24089
32059
20641
28811
13369
29990
34053
12337
34462
20990
40972
1640
30650
36814
5622
48414
27541
9067
19364
23165
17810
19104
14340
28481
29357
28198
11903
35666
30682
37174
36678
47768
27512
10293
23457
2309
13519
45467
18831
8376
5170
27454
17144
19124
42003
32646
37355
3105
45294
41245
29262
28014
33670
22166
34062
46624
21248
18460
43267
27178
39290
12976
23542
42795
42879
46334
9393
14159
11707
33567
27465
33671
15291
32054
14121
29536
23424
8303
34020
48131
1194
41882
35945
11977
45665
10695
26407
2122
39223
30835
4832
43960
2919
36088
3059
34182
46796
25062
6950
28028
6224
47887
13591
9526
37840
49898
17209
22926
28226
33931
15806
4147
45967
21865
4048
8929
15761
24059
1360
48875
40072
42214
17853
38792
9307
13218
21569
20900
33659
28441
24037
41608
44689
121
26923
14979
30271
33437
2748
39985
4055
10963
11878
49889
15963
36031
40545
9023
34796
15975
10322
13099
17705
27762
12517
34475
2066
49722
38942
48432
3436
43319
43204
9038
37808
21948
7060
20517
6298
5306
45642
27903
48256
22836
11692
48655
24049
42713
6871
20653
24212
18581
14735
3886
356
39331
24119
778
13299
30342
13689
8609
19404
18916
34567
26836
7409
42325
4458
33344
1993
48711
31726
28186
2692
23765
34827
49528
1098
39384
27186
44596
21758
1378
36930
29777
5700
8228
9730
6745
34321
35606
34006
29854
41731
3300
40141
37079
9707
42293
31263
29264
45265
44218
32845
15117
20465
20422
47580
7481
16193
14194
46505
47033
23028
8515
35282
14415
49003
3658
1828
29735
16548
838
34673
962
37403
12560
33292
40886
33276
48569
42526
39728
8998
17274
30377
22571
39115
35269
10876
37828
24015
1224
38173
24536
36788
27139
5185
18184
35793
46332
39828
14246
43476
17223
26884
10863
6407
6588
45355
5739
22233
7878
20666
2095
1574
11931
34471
35282
11915
26613
29146
39554
10127
19784
1596
21141
9942
4298
38349
12132
46944
10764
1377
13040
46660
2083
46918
9122
43846
33730
1405
29925
721
13860
40314
44847
33656
15713
29339
1460
39222
9489
10328
19995
41063
32272
39123
30992
46067
38506
6907
48303
45493
12501
17920
18473
22553
14400
41159
43046
38524
15057
49788
27408
25816
10501
16214
43445
12759
17077
43043
9852
45164
17286
13023
41590
45314
15862
23197
3064
10
32659
19634
1526
22682
4259
44275
43124
23150
33154
10355
20899
10657
14505
10389
43226
11937
2374
25093
36702
31078
43814
7137
8370
9752
23798
18576
23192
28905
15547
39436
17645
12833
35413
19998
35218
31704
10205
5054
20437
44306
4321
29609
35724
9443
42239
7079
15914
7069
44576
40399
47818
301
38260
28024
43545
17530
2806
43522
40041
9081
4618
6186
45729
33443
47115
45712
48266
47899
39321
12082
14233
4851
7067
44630
49311
46579
30082
48683
3438
23493
8678
34609
12745
40284
42222
17354
35163
24469
18297
9938
35716
25174
6287
823
16352
29547
43996
23711
5497
36852
10334
15088
41855
39366
38612
43706
45328
16226
13560
17545
36987
46923
29379
20993
49381
44510
49540
1135
48321
14789
11813
10383
38117
7990
26975
28502
3008
22501
37115
40
33226
21316
18506
43579
20000
15783
15085
32530
17018
30714
3030
33193
1064
27771
13372
2353
30917
43014
41749
8090
30458
29204
40629
29727
15046
43368
2910
21076
15866
1900
49566
8362
8025
30472
24615
25589
40151
46429
11260
11364
33658
16106
17809
20419
27598
26396
5514
13424
40416
31478
10572
22923
36219
26737
13065
22183
30630
36861
25398
42248
32232
36430
31635
20183
27536
13990
42183
40207
40108
13284
32263
28443
41580
43700
12594
29050
37618
37282
34201
3250
22122
11604
41131
6043
6683
17925
41635
48403
16911
30001
40027
9098
15803
28285
37823
7094
37309
8633
43692
27791
42330
40908
1787
5927
14168
41592
7276
8138
16111
48021
3455
17607
24624
41261
14981
11180
232
17799
35920
21003
14309
10254
40521
16642
21993
1045
24819
24117
6707
16471
1249
49944
47967
39966
48251
21885
19387
14560
42049
14831
14232
49603
18412
11818
40747
21496
13245
49261
1175
4274
3676
3743
49630
9797
36521
2170
11239
3505
34728
12493
31007
18619
30241
44396
4098
4824
37282
24424
23522
48231
32721
35076
21927
45321
46923
20013
2080
11329
37403
31005
33232
32483
32075
25528
29759
21370
26643
15814
24972
10777
39672
20359
15590
17605
47252
36034
37265
1944
29746
6070
34823
18369
1305
48607
21090
7786
47558
1569
30851
25208
49363
4736
10346
1350
46381
21479
33496
39138
31648
27684
30182
14737
34422
45058
36315
45051
43743
19439
43219
42150
8475
46465
31180
6821
33414
41939
12343
20743
34719
17407
9230
8250
35574
36734
9366
26087
6156
9009
41468
33647
42473
14656
19235
14954
10612
17762
48990
41588
1612
44373
16354
27700
17784
1535
43689
6607
7755
19871
45736
39208
49558
43060
43178
24946
38258
24032
17274
9743
21482
17585
45002
31572
26208
40108
42084
22350
2394
12909
37816
14880
20310
49380
11946
5613
1452
35379
24252
30463
8803
27791
48484
48217
27604
45615
23538
4438
26654
1900
46065
6863
37552
19476
22861
23172
19309
30323
17152
22946
37058
15955
23535
10278
23051
38734
21498
39407
3500
21006
12676
41529
1983
45885
13020
9071
23199
36802
14646
275
4578
41198
15772
43610
28653
35405
33136
27743
22364
6624
27790
5359
16701
43552
16960
3201
7555
6479
30880
38123
37641
47616
47389
40682
48444
14350
45876
18002
49832
36766
30602
39738
19619
30846
48743
13009
30708
7186
36814
16554
32094
24783
7002
23951
15468
41229
18386
20134
42898
28252
21365
18701
5723
49921
36280
43015
12117
40105
36496
25749
24095
7601
42265
20636
34235
8703
15081
16017
26838
28245
33302
37400
1508
46781
15163
45949
37634
23901
16606
24943
14107
36380
14085
23487
22037
20601
10529
10979
16984
48320
10266
25944
12731
47550
18694
34876
45291
19007
6314
31944
40657
1746
40408
16846
27695
32611
42196
38427
10448
14085
43398
830
42635
15952
49962
47690
16429
18206
28976
29847
6230
48433
21672
24599
29095
44369
5720
19309
32485
24622
16633
11307
7008
12997
23506
9850
10368
48445
32535
14833
5841
18738
34015
792
48199
24580
6665
14542
49670
5010
42087
46248
11188
38581
38093
34816
43332
23363
38963
36543
14829
21419
2374
40604
16414
49657
2140
28120
45446
37448
35567
35193
12881
1614
36746
36311
42895
42729
18040
11434
18236
6886
39439
36241
49791
30933
4108
13203
41938
31178
4591
36231
23223
22291
19251
36947
16776
19230
35599
48837
22386
14354
37430
19065
22093
33627
1886
38770
7076
17933
19971
36548
37337
36137
20615
16230
47609
12225
12426
43888
34055
3677
6894
27138
3459
12489
44237
44404
43002
11140
43372
38294
16147
2489
49110
29157
47729
45144
46373
2689
7104
39583
9322
42660
6961
46966
32615
36639
14980
1796
39362
45070
47554
358
14436
28665
6546
27793
15606
43202
49657
49719
17343
43115
33923
4150
13108
705
15105
16882
21241
30473
35271
34203
38879
15843
19974
19881
883
45026
46735
18237
16718
49751
4837
38864
25801
46964
2054
14612
17210
24443
38556
1374
18858
19797
28894
3838
24965
14910
35879
29130
14323
43005
34183
14697
2008
17337
2216
39349
26836
22346
24826
37140
1197
48395
38433
30045
10715
30512
35168
25703
4323
4271
6386
19435
44160
14824
12337
4852
47793
21332
4805
2782
19578
32139
44328
3272
17097
16728
45678
3591
8829
24861
10543
46843
44044
19595
6516
2485
31381
47066
10980
38240
43922
39760
9649
10222
41681
39494
49775
34914
48050
18160
1428
18889
18286
18428
48896
22162
34709
19086
36458
17008
2999
16205
32219
38891
38019
19447
45018
4197
41367
46483
15075
43684
49732
44860
44267
26171
24302
46346
35283
19183
24322
44210
10049
6632
6642
44378
4579
3795
21137
46213
5593
45563
24560
31687
49746
40091
44372
38736
32458
44800
18923
48124
1770
3604
31708
14446
14883
20582
10074
22665
12612
25488
33951
49025
10634
12997
5427
2711
14241
29369
34847
35258
2291
34599
28379
12547
17767
35678
10981
28431
1972
20236
34240
27912
21835
14521
40277
1632
22011
29431
20696
5809
25492
46140
42462
15098
48592
34483
45877
20362
11154
24102
9136
44621
42222
45992
43789
42652
8669
34082
3479
393
28845
15168
27749
33189
24266
40875
45233
49995
36725
44597
36073
6018
30748
46589
28256
7174
48907
3921
7841
30694
25504
45834
21286
41051
18614
7753
38703
5161
38484
16403
30733
5985
5673
1750
15958
27021
31557
14428
22170
22667
45370
7765
16217
13826
43782
26226
32475
24711
1715
31897
37313
21641
39065
12158
21115
422
22411
3164
47538
18202
24964
20071
23732
39907
19599
32052
41322
40087
8200
1789
34181
22519
48801
5321
12227
5371
4291
36454
1350
34602
19857
34114
39675
22062
42350
13476
49236
2484
47627
42570
42269
40538
12362
31648
12016
18727
23584
255
46459
9443
10102
14979
896
32618
25268
947
8424
38697
43526
48109
26918
26244
33878
36755
32103
6631
12921
10371
38107
13727
25972
37495
23679
3047
5006
29790
9913
14426
26771
42113
15799
14250
36825
46509
48973
38196
27624
16006
6755
18165
38803
1727
23831
27685
5783
16760
8887
36740
42975
22147
49589
30203
33870
47811
8924
22961
20763
43746
47117
29662
38452
27587
47968
48381
44542
17706
47758
1872
23960
30611
45549
23253
33361
41169
10914
17523
44053
17933
31912
2937
8301
34841
38911
11646
11755
7844
3128
48165
20308
16244
22886
37629
38564
331
32826
27206
25609
45146
31760
17187
36390
38888
37153
41651
15845
30105
15020
43658
33218
14752
47859
25761
16300
47224
30715
15972
38738
31916
23670
20426
15875
21284
47163
13636
20964
27360
18820
47232
2070
29943
45506
21797
32844
2540
520
7163
5561
28449
27455
15426
45486
31805
