22213
46812
40788
4854
37168
34471
29777
15456
20134
19839
11100
27463
6553
26849
10103
17852
21986
27086
5713
37071
40546
32446
46047
2612
46719
24177
21240
19722
12411
29334
36552
34242
36031
25473
26460
4684
24477
15577
8004
41401
6663
8167
28953
49045
46975
7450
16745
11061
39082
8658
10288
20473
328
30044
22777
24325
36232
3509
26646
24197
13753
39042
4462
29051
45260
16237
24297
44991
9719
5180
15160
46270
29382
38040
36292
42780
29836
1018
45985
1862
9247
22923
14547
25187
43731
41484
38968
533
24309
19675
14393
14318
40681
17426
30836
47771
29621
44720
6932
18570
37984
46647
670
44041
32712
48516
24610
26556
20229
21610
43484
4976
39866
19656
41143
13918
28747
20262
19217
22983
41249
45060
34186
23273
18576
2190
40394
17707
32916
25291
655
33745
4948
33492
40439
11554
22942
34226
27139
7396
3071
35306
33958
8528
32863
13083
39522
240
37528
14450
32604
11971
21516
47043
44053
36169
45929
45775
39001
33745
22001
36144
3485
29171
17303
28666
27811
14756
19337
9023
40941
47115
18725
26687
6509
10181
20311
9562
38222
43586
3485
31898
3339
27509
15207
20126
33895
34227
28161
12796
15720
4369
46275
30313
2951
9519
10328
48970
10707
21722
23201
20309
28924
32797
798
11143
21003
22921
45020
29458
48745
40377
3748
47979
25852
38304
11916
33390
46779
6269
49608
41149
10320
36186
26983
16129
19649
30186
6077
34269
19103
15723
24572
20955
32064
39792
41166
32923
41373
26482
2582
20514
13050
5418
30310
46796
14649
23470
30688
6567
16532
20565
42624
31123
20200
35127
39619
10835
10108
15701
8496
44610
24882
5694
29047
30249
15768
13355
36977
15416
16553
49023
21966
35626
42998
29241
26540
38947
45812
18231
2156
24840
3077
37378
33092
1375
2566
39757
36764
26435
49646
30330
45561
2767
32422
35723
26460
33267
22235
13016
11679
43958
14939
26419
1206
41507
3452
38502
16178
15954
3479
9375
33769
25867
10059
28676
24607
2708
39409
27655
14021
42507
37326
25990
8955
34879
1569
2554
29689
12876
27148
35159
7409
38100
98
46027
38026
28952
43699
13142
30702
4658
7352
27887
3406
18117
7629
38528
36696
18925
33952
709
46168
11255
17085
45568
3548
22511
14127
18918
47900
19132
16186
21759
29040
28778
33394
14867
48536
809
42746
19380
8970
41258
18585
24326
9478
2247
26895
10274
22115
22273
27290
20080
13230
15498
18792
20545
41223
43220
6758
851
10740
15950
31846
47316
19171
8947
30652
48461
38300
27531
9328
22884
38838
15524
30923
19009
3629
33375
16961
18180
43547
45767
32699
46680
32947
13130
11271
40010
11526
25728
27184
28475
9953
14132
47505
8949
20962
15728
6356
10700
17855
47440
6385
31589
38066
48471
42388
13703
35307
39609
39608
15868
33617
10107
40146
7912
10784
47308
25231
27802
6228
40408
13194
3144
24942
22085
30970
30890
2738
45609
8067
31771
9996
21786
19677
41048
43176
39175
26039
5753
16138
18668
3171
48826
7891
20663
32060
7138
18719
36704
45593
34635
44126
4386
18360
12051
46579
3102
49078
15736
9817
41566
5398
19699
32332
6894
44441
16871
34403
25877
21672
23304
9982
3548
41463
27298
27183
9475
25701
48800
2181
37879
42907
4340
49762
28341
24367
19013
47737
39713
5402
36698
18524
16429
45791
49960
28000
18321
22587
46697
5821
42821
48986
12959
35376
49893
18093
36649
12867
27103
47000
3076
18969
7940
41159
28495
25976
44927
9643
22313
8467
15221
11569
29811
27017
44975
1048
6110
48239
32305
38353
34617
7740
30768
39515
45339
10674
25402
8821
11315
45479
9295
40591
29770
45703
12712
1281
2784
33574
32100
14186
42911
25108
32098
5517
40948
38700
25266
5083
44273
12929
21813
11295
12970
37473
664
9196
2867
38156
28356
40122
22825
32329
37109
15518
24765
34291
47974
31459
23933
47834
21249
35127
2121
27253
27358
26750
35579
38851
49113
8014
49053
13397
10682
20118
29567
16201
7373
26306
5665
21259
24159
45185
21810
28608
25051
2722
49086
21087
4055
8914
28773
15724
23647
37671
13660
48834
45006
38536
36743
37239
27980
41677
30321
39991
25164
31260
35294
40783
29764
4062
16474
13354
40811
32496
10083
44501
46275
8820
47543
40287
48836
35906
17485
33559
8713
6352
44950
2850
2256
19898
22569
27356
12027
8882
30583
24295
33768
48720
4556
37669
40659
1365
23077
16645
30205
43096
30500
18598
28374
1860
36174
13434
17950
30613
22172
34975
33572
46713
49209
37839
45819
44944
39210
38226
33770
6493
30673
33737
4697
41025
1867
45970
13952
41809
7158
3042
43733
49197
10305
41105
13865
32752
22864
35714
33995
44811
45810
22735
4240
22068
7178
24585
48775
19214
2110
26251
5506
32847
48996
30838
40977
9641
18517
12214
40765
23849
3452
4321
10934
5281
28648
6156
847
32292
20188
22397
5308
447
30531
7651
1904
21487
22639
20356
17703
49138
40303
16010
14744
35401
22092
4038
43801
18535
28771
17475
49793
13018
15540
1883
46247
43745
7785
1127
31352
34266
21197
5271
44182
36008
2679
17946
423
82
41395
34600
20193
15324
2443
41715
19191
42707
3186
368
3555
27981
49133
6578
36687
34901
15535
31582
7801
16651
11455
31447
47082
16723
47243
42389
5042
15385
26998
15729
9545
26101
36806
17954
2427
22548
31447
3611
14161
6832
44212
23309
35039
19301
40560
32677
30603
46984
19601
28566
15113
11805
7337
2625
25821
6552
16166
27848
11245
23132
48207
37099
1911
34332
39002
46313
40934
20597
45492
18625
35728
33293
36258
38902
27607
11065
7333
30516
24019
8033
48380
4189
28424
14945
39885
44148
28846
5420
21882
8459
12459
35013
17284
6383
39191
12908
4055
1622
40822
20987
23820
35973
16110
48041
3674
36408
29881
2418
21874
45455
12103
29547
2642
35304
3949
46265
47044
20412
38609
35407
40753
39834
33859
29155
2951
592
33027
49621
26824
915
44770
24942
5284
10819
18383
25363
33188
45062
24975
21672
36637
24181
38945
24771
47241
10081
43743
16432
27744
37730
24420
36819
47183
33408
35696
35281
24069
27397
13671
35053
43760
42288
5508
14266
15111
41871
46843
49623
13110
47959
21114
31827
34721
31392
26744
16351
33704
2160
21513
30360
9671
30959
21798
17670
34742
46042
34890
24556
23635
10748
37654
48597
29391
28917
8456
49239
21413
1046
43091
47535
30924
31822
9352
30737
11167
7958
25670
11757
7713
48145
20018
46655
47618
22810
22823
46774
33754
23366
10400
27908
7271
43200
32948
34295
15744
33400
18450
30450
23103
466
4558
14870
18178
8333
46285
32633
6793
5050
39264
13966
48829
26844
24229
15640
39116
49972
26961
44286
11011
43117
27003
14156
43540
28882
29951
46784
42670
40157
29825
7022
23960
31328
35566
49882
22955
29913
47462
7079
21685
29953
47116
3088
28116
41828
2683
12428
17443
21534
23082
39257
12736
48406
13067
47628
8548
13374
36374
20048
10909
48352
184
48777
1917
19905
626
31189
16847
28086
2598
29074
12047
41260
4100
3263
21382
5755
17974
48591
44915
41004
35159
11839
39685
30982
33321
41784
25349
27624
4338
9467
42635
42256
24730
11614
3866
49003
33659
45961
35911
22887
24879
30204
19899
35527
35855
40706
13743
4600
5258
19280
13349
10629
32154
41904
4887
21420
15623
28509
8271
18791
35989
20496
21360
2961
27277
10405
22912
36981
22878
39160
26325
47445
44464
14132
19129
19509
24655
37022
30004
13662
13896
35315
5406
49323
12187
9320
30928
35725
39737
7425
38222
21698
19714
23420
15904
310
15233
24511
30938
7800
4770
39703
47426
1026
30698
40138
11408
48280
21303
26653
39346
16866
36295
43959
19524
46087
33893
30424
26688
5436
5671
34290
33327
23627
12272
45148
41142
49590
48047
24625
40418
22841
36940
37455
42248
23634
44699
30601
15045
11725
47414
26612
39041
24649
46700
4844
8920
20634
25262
19562
25992
7754
28872
8582
6944
6937
12136
26886
5005
18645
19648
5621
7732
10165
10891
27557
49445
19291
6866
46522
33506
23095
14150
33551
46475
4737
31386
24778
34163
49312
3469
27238
16332
32385
34157
4393
27393
14799
30942
5643
26253
6132
40530
6731
2940
2329
45810
35392
39112
37058
5369
802
33888
39960
17504
46501
6400
25306
10780
37114
23449
21638
38173
45908
49707
24988
12693
6908
22499
4367
19950
38215
35313
34022
44435
18541
24259
1445
32929
12070
46388
41139
25947
28949
38032
17017
3258
16959
12875
23838
4015
602
23033
38713
6635
12589
49929
43935
2126
28377
22028
33667
11613
32007
5489
30430
47893
10310
8791
26201
1291
30755
19360
8941
22692
37949
20413
44487
12700
34233
30463
22361
21590
45988
18148
18859
34875
30135
31840
10701
42560
43488
1323
15723
22558
49137
14024
7490
43937
20698
31560
36120
36259
23726
41351
17183
30346
42359
38861
11988
43791
45554
39711
31175
47264
1710
45112
32341
24258
26890
10597
26745
8890
21237
46854
42587
1484
9962
6950
39160
6102
45422
30594
37781
20471
36256
23908
24003
23981
22167
1857
17569
43105
41237
11661
22376
41675
7731
22891
15702
31133
6237
49477
43622
18954
21970
32574
30825
5451
40102
43782
34081
22375
5332
46923
41680
27521
11639
44368
34888
43585
27476
48463
16040
47213
43790
14076
32251
1168
8480
13069
42788
21277
34517
41355
39995
8477
4759
1161
2900
27502
13678
49195
28551
43
44397
7619
1058
10466
6842
24335
11399
36244
48553
8420
45463
14450
13106
15881
49482
48957
10526
19473
41379
11416
11440
14879
18876
38219
43530
7085
13402
46281
40052
41358
27764
30287
4928
26949
1356
47290
8485
38925
4140
43024
29501
41895
46126
32715
11979
43520
13024
34712
2346
8793
10126
31328
33068
924
34156
47705
16324
40163
24989
36560
23382
40640
43764
17280
29498
33576
17844
31186
49663
13720
897
6640
33497
5184
15089
14461
47308
25932
11775
22857
26049
28271
1274
643
29888
27970
44780
28382
43716
44936
21766
35790
25263
34777
31653
6423
46504
3073
1492
7180
14292
13109
40447
40834
15455
30059
22408
20915
8839
47840
43931
29699
40983
7175
43099
12412
17662
127
48206
6129
33361
3523
29777
37544
1213
24412
39525
14283
5830
5868
45783
47182
8287
38714
46913
20555
5846
32288
9736
23480
22963
18263
35542
32277
42493
42546
32350
37778
10562
21095
30896
13417
40715
14304
14334
40983
15819
18694
19452
34282
41742
44527
21190
35194
38476
33022
17004
16820
39161
33792
37793
34785
31690
23929
34741
49437
45966
4936
35568
21417
42882
774
35306
44215
15653
41498
48267
4832
18931
17652
42592
27080
42300
39464
8601
30321
22151
33488
21396
25779
29716
20358
5625
9912
12255
18128
41765
35026
22837
28402
7234
37474
7250
4607
14113
48545
15288
45740
7004
36156
44142
41424
28554
47310
25780
7169
49380
16543
23534
30846
4795
9492
15500
26821
12319
253
35698
17856
25277
9308
5064
7709
47599
3283
47185
38771
20120
12983
22882
3569
30357
47455
17274
46267
22487
27393
34228
13469
17810
7915
34690
32104
21354
37279
22767
14176
13918
14757
29901
45997
37254
19505
21371
42585
6123
26968
184
28111
47206
1005
42545
17512
8973
12372
31783
43818
32206
48733
43631
29935
40950
22494
30173
30936
44353
15391
45484
10363
2590
30625
769
45607
14182
32163
12576
12574
32009
2230
45145
33104
47375
35688
37242
21488
17269
32292
3360
20934
14072
26382
41203
1494
22871
15911
49087
42357
25047
34260
48707
11002
27783
7161
24879
15824
40629
20631
14864
22349
13952
17823
46109
3175
41420
12454
31977
26790
16822
15384
44643
39392
45495
261
19290
176
34328
27279
21105
11797
22570
40260
13412
5570
42860
90
47084
32685
28921
38578
1947
18031
45760
20616
21557
45649
19500
27559
47488
23999
13664
46317
49943
5352
48378
14279
9799
41108
25989
36921
49690
18259
39412
38859
2067
14554
34101
18432
22980
5365
23977
4619
2589
16553
49213
29529
26006
10856
41728
19637
28927
14880
26425
45014
39461
13301
14010
35012
28847
10210
27312
14055
29681
22078
1352
8469
39051
11632
37981
28645
25911
34336
8264
2763
19599
43236
5796
37071
7182
9853
2081
20581
34837
23596
10581
107
43327
32141
48077
44450
4524
14736
42373
49698
34877
3565
19552
9494
48013
6832
17431
24711
25449
24134
8521
41805
41196
12219
44629
24544
22272
7913
32712
13089
38124
28317
27537
49983
2542
9372
17140
9523
42483
42345
7950
25312
33582
35640
37526
7283
41281
8325
773
48697
8030
11850
8982
12507
3839
41680
4135
28652
32958
17645
34388
40133
17127
14737
36839
3387
49118
37603
35416
25705
40642
8993
21942
20879
41163
11166
49660
3062
36412
24990
38218
47472
41434
23630
42974
4737
44233
2339
45657
24984
3141
21046
27121
8304
8666
997
25807
46975
26541
25376
6229
20377
44906
25956
13867
18323
39952
1061
21603
6389
23789
814
1868
33084
31439
6497
8022
14992
38998
16721
17421
25678
2038
17816
48143
19672
24612
33503
5889
2038
33025
14312
20780
30274
5023
35484
29275
17756
3170
26716
2417
8183
18753
13461
3256
26097
6316
48790
9322
1091
515
25729
4470
27977
19562
46191
28660
47534
634
11563
40053
25577
28490
36759
21169
2501
230
15589
6249
22461
39390
9993
4586
12269
34999
38693
40597
38783
29694
41914
39517
7039
27432
18762
48108
380
24297
13039
28547
17268
1030
15911
36900
49941
27128
22980
20738
29218
22455
3446
48819
16516
11235
7722
9804
20705
28698
37532
24194
25284
41274
14714
17662
14859
7150
44939
11959
9053
43326
46473
43436
10865
6784
16050
44993
4042
23889
19022
8866
5906
9108
14540
36069
4748
7587
30178
39415
27621
13874
697
41126
4630
46103
48553
33658
617
27170
24084
20701
5244
28279
21535
29339
40389
25686
34680
38327
32685
17173
44548
33302
16897
36609
635
1549
48521
669
44069
2810
37043
38918
31768
48110
24112
11507
38422
15699
19579
27812
5801
1820
33783
13432
21192
19859
24909
5869
1561
38213
47523
34624
47539
29728
883
7126
33269
4775
40467
25808
46697
31698
19031
23754
40839
3641
28523
12572
12361
49991
19995
34007
25123
46856
21761
5804
37398
47129
45941
21425
30438
9296
19708
48735
2151
22467
46888
49240
29278
16660
25040
33278
47015
25343
16389
45343
17287
38907
10154
2297
5482
6474
42401
18857
19041
22454
38289
48125
13880
29774
43579
44420
32211
25989
7352
35961
246
19224
27633
38427
9265
26805
21820
36239
22088
17849
36499
30641
42823
16981
5053
13293
29528
20005
7147
15456
33209
47715
45060
37207
49171
43358
11346
16618
38382
49248
27907
44827
20103
3576
32548
4855
23663
34933
40432
46725
19817
40425
37343
20287
36883
41383
2042
10737
1250
41363
7635
17902
9734
10742
7374
34363
41389
41875
33896
29973
6516
43960
8954
41566
40961
24684
8374
37603
19171
20581
35427
32167
27495
41903
17811
14150
32679
49728
15995
20497
18476
20322
8804
46543
41737
32302
12969
32247
46454
11728
18080
10033
46598
9858
13690
38144
42168
11360
16432
19812
49378
40536
43174
8935
36614
47821
3229
3609
18601
42940
13277
35093
21618
47911
34313
33241
18603
14463
1321
32943
21644
12938
6240
5942
2817
3065
48035
13800
48163
3554
3870
43228
38547
7732
7697
20224
42688
7577
24561
5887
36873
43146
1444
24638
24092
11578
35564
10254
45403
43765
7138
26057
18794
36859
29663
25922
39217
44563
3063
9389
17652
5001
47966
30293
37409
24482
19349
964
29565
30126
49229
2127
14563
33947
38096
36222
551
15923
49432
22325
1988
9160
7938
21679
6434
34114
27276
18759
37186
36294
45002
38636
22223
33089
48430
46236
43892
17378
22222
3668
23916
48171
9819
20103
34851
15560
16806
449
23828
29134
25037
23228
3882
37269
12411
19536
5383
18628
44890
21982
24427
30171
10799
42405
15957
46271
28952
31502
37083
32927
20578
8108
44833
10290
23787
31292
31042
6144
39185
27445
40514
29003
48822
17875
29436
13652
32661
46821
25659
49289
19899
15642
5146
48332
48040
25852
4077
35715
13346
30569
9108
5051
5042
28125
43809
41937
11065
22377
33642
28194
14036
6820
4835
1236
28059
19711
965
33140
37644
15208
4053
47322
12515
38563
4736
46707
13628
2408
22784
38098
1345
18728
16658
329
198
39469
22815
11010
49458
31099
7183
43312
36240
25869
34145
46941
20481
19659
46967
34013
23485
43342
36629
41265
12857
1628
26268
19221
7237
44054
28754
25428
5186
41245
20822
34089
2148
28178
39554
38875
4553
29957
7104
40063
11927
12960
9953
29628
8537
37351
7727
14447
14973
31520
1282
17873
44589
35912
48084
35714
9293
41620
11589
19205
23060
30261
9368
45056
48092
29170
44030
19158
17602
27448
25381
12784
583
38546
550
20760
9156
30715
28379
45579
47762
6051
45411
40014
21002
11252
39602
3489
11161
4365
24358
9237
39335
14909
11548
11053
21645
39598
22485
48997
44535
13954
30624
40301
17244
8373
41955
28427
29158
20842
42172
33861
24335
11591
7270
15114
44446
3480
44808
23196
49842
26992
9480
15970
48849
31543
17720
45637
30585
2209
46047
18063
15734
28368
9706
49194
624
20702
10684
38392
42365
42218
8199
3423
14461
46572
29020
18968
41207
18272
47771
37520
44486
38548
22492
30878
31387
31403
8516
36812
10752
49642
12953
46237
24538
12978
30471
42954
28520
18920
12231
30825
48544
41224
19106
1134
32639
4009
39660
41312
6737
4077
15446
38022
10797
29351
31971
47170
16212
1179
29227
6068
18361
29378
6076
25851
2522
22079
19775
23103
45973
21996
33763
26431
28481
46810
19690
7863
30233
47977
16870
19769
39522
11050
19298
8381
44272
45998
33334
15359
30787
31012
9927
39277
48465
28982
30233
49801
84
42239
8393
29410
43890
3497
15736
11460
3256
9632
32666
33045
41180
45489
21912
8333
35312
23074
7608
18375
37734
11212
5788
35948
19359
15601
4212
15560
22650
36225
11598
24017
34632
13107
39075
11455
33413
34650
35524
32513
9863
19765
11314
25041
28589
44646
43267
8659
16784
42178
39603
41490
44280
28763
36368
49366
45721
2742
20484
572
45459
18695
47083
11589
19660
30073
34062
29892
11176
13186
2571
29828
18241
39685
9906
17999
22122
41167
33517
34863
29964
25854
10680
49845
11747
29227
40318
10841
22240
28172
25048
44160
264
41467
22245
35669
45429
36853
28943
39080
37297
29610
25146
16962
7230
45612
31022
48729
6270
27405
28359
8136
22884
17161
12833
32750
38162
5030
38961
18908
43261
44655
11150
23269
17053
25500
46148
40633
10747
37145
26582
5788
9636
11853
42830
42549
45746
47939
33224
12260
32401
30750
15276
1878
37805
40523
22391
2186
46544
11903
16915
18259
5394
43753
33443
22191
23276
2653
44142
31202
28729
26005
3585
32671
39025
38167
20010
48467
39290
6212
46428
24608
1904
10099
31131
49635
38869
27538
19751
5913
40275
7457
36789
46625
10952
35658
47773
14472
43206
42250
1624
27227
37887
20084
7032
44437
46341
11383
48688
33477
18867
46590
4046
17847
46507
25722
9418
6764
9707
11654
47024
37103
17206
48747
26844
23009
12482
4706
6800
25763
33551
871
48686
29438
16986
18204
27154
19179
4152
1426
12316
2645
17630
20675
39204
1974
12695
10810
48
15288
14104
9267
23276
1604
38763
26957
32513
12940
20257
5935
34348
21737
17586
29865
22367
21066
35013
177
19870
48374
31020
49182
38739
9472
23953
13607
11550
9077
3897
45189
4771
5492
31988
39892
48678
28514
3573
28081
14295
47875
30642
38351
8791
9929
22533
13518
16581
33607
25147
29366
45671
26084
48554
15228
34354
800
15825
23333
27932
24510
12973
48739
15954
47507
42490
32748
29063
18202
13283
33922
6313
19451
28044
28425
4944
3861
28269
4325
33049
28269
26813
10505
28574
49804
22945
33516
13790
20406
40861
45541
23456
359
45469
16380
10384
13031
25941
19216
39377
3838
25909
42691
27631
43842
30114
16889
12013
40484
39471
38912
46517
2175
35750
27841
24003
30307
8638
42913
48004
45185
18040
16966
9822
12310
7583
5734
46420
13638
49114
21310
21346
23757
27979
28911
24457
30797
43738
46171
6858
26904
6300
11695
766
23026
17959
24740
43953
30148
42476
17305
44094
1231
8463
17565
47846
39230
30681
20596
20395
49226
39626
19632
15837
37148
28196
14339
8687
39775
4700
24544
22479
34027
40907
12150
9311
15132
35868
47630
37886
34561
17608
144
16922
14685
4640
10867
56
45735
10534
42853
5140
16055
3168
37527
7026
27167
39107
47379
46536
37551
23902
23891
26049
18478
39898
12432
19900
34510
30977
20782
91
30819
44041
43969
45653
39295
48392
46376
7460
31060
43714
616
38161
5714
10702
37729
40671
17574
47286
3119
24326
22742
27881
30789
25158
6262
35606
13224
33689
8129
35711
19452
30596
23174
9176
44774
32732
49550
40679
37369
40003
10738
14892
28403
49369
26500
38099
35204
21198
201
44919
36458
23937
8174
9079
48218
10198
10070
29918
5906
31828
12241
32172
43049
11941
26471
4781
14326
37142
9505
43855
33738
44604
1777
7904
26340
34222
1897
41715
16086
15862
32341
6306
8059
19039
7394
46991
20790
45170
45551
23932
42980
13117
31852
39076
23862
5483
42144
33732
11164
30311
44394
15231
20
46665
39628
8125
8207
43035
12687
34231
26008
31349
44967
39573
6989
13973
35413
15693
29788
30825
1422
30149
24798
29476
39079
3002
32621
4983
49076
14030
25524
29510
37937
83
2283
5557
29471
38202
15494
19920
41757
6030
47523
20859
8075
36499
9982
6606
43391
32428
25532
229
47927
23093
21142
48486
22856
14633
35611
28930
10850
25350
10153
20890
9026
2761
6596
7595
49488
2098
129
47269
26337
36220
4338
26393
22847
40130
26803
48055
31361
45780
46567
19660
9765
26682
43131
27535
23702
12293
26229
3120
34060
18868
18246
13218
40706
9833
16153
2380
14041
18898
6179
22877
9736
33218
20605
5755
41153
41337
49214
18981
4482
38315
15563
1737
10340
46415
48959
38446
40059
16885
10273
39392
22814
11051
17077
20630
15144
35956
7179
43635
16447
14916
4254
46812
16490
41561
24057
37350
32063
10159
39256
2733
4151
42188
12442
44062
27293
44710
13763
10111
3496
41322
19894
7826
44895
6695
28950
20724
21079
3749
36501
46805
11469
42785
40868
30316
31246
28291
30790
9688
5498
8266
44533
25069
6026
32030
30613
23723
22562
24873
26927
18391
11661
14363
24890
21069
27114
25126
44639
23628
43874
27213
27684
13944
27388
31223
4310
17659
13831
21756
30275
42892
29699
23428
23005
4554
22710
31810
27449
3485
30501
20990
9919
17441
30120
45936
31224
19548
12328
17276
23763
44030
4640
29158
49040
12573
30582
22391
32064
37425
41449
20388
9443
20509
32425
48902
30982
49302
10568
18162
40854
37445
47151
36876
17951
1291
1936
16470
21512
18816
45641
17891
14427
43786
31957
28157
34016
45234
47321
6941
44344
6151
30697
20914
2572
43725
22577
21022
37640
47406
3566
14285
29869
18196
959
17543
29182
47248
49520
1321
32746
353
19075
49229
20424
7271
26294
37127
36034
12400
4035
42436
29790
14587
49474
35712
4677
33090
15748
31497
5924
516
28874
37728
5802
17024
1248
22902
34753
12976
21459
22385
1551
42133
5017
9900
13282
21328
43190
20826
22511
26684
48205
33270
16850
26925
22524
43424
26675
31430
39788
41526
23370
47891
35689
1531
42751
39043
21341
34017
12138
7958
7179
38029
21105
11830
28949
48164
25880
3950
39351
18173
43747
217
28151
40758
23946
22245
26880
25509
40666
19088
8121
40821
16344
24032
9002
45848
42482
37342
49831
5173
13145
46271
33797
44202
25190
10388
26747
4413
37715
4561
31116
34098
17591
13102
46006
7927
5932
25513
10732
15853
47792
9144
26252
38241
13154
32348
33803
39944
39299
49477
36107
4896
49046
36539
18024
36251
33899
14438
34852
40273
1328
6230
25423
32406
4948
28451
44018
41080
48509
47824
5390
12913
38397
45356
45838
3728
38413
3426
33626
854
38043
46183
24227
29397
12729
26580
46034
42536
29667
32879
49035
8109
3985
43090
3561
21571
8497
25712
16221
12447
2549
45981
27682
31518
28984
43899
45553
29068
42474
5535
46732
13232
43112
35417
31039
1755
28793
35236
1993
45338
15174
18704
18212
16760
6713
32478
16797
35144
9043
43352
37433
23831
382
44511
25452
7622
18067
7007
22290
22950
48290
13121
16022
8457
402
22229
22261
37137
30067
35715
41557
3371
21771
4577
40851
3647
29203
9490
42220
41294
24058
29234
17641
13725
40774
23834
49668
28887
38002
44215
36802
34433
4579
47752
605
24715
36662
567
10407
158
29070
26107
20432
11576
39161
47873
19859
27540
35462
29450
36644
13960
31483
8775
33289
42421
6890
41063
30262
5438
26741
38920
9049
5346
18181
16441
10685
47565
38371
4098
49660
11258
32894
10990
44490
26346
6223
32478
23229
36880
11118
2609
3910
3340
42311
22569
21172
14209
35924
23353
34959
29242
5153
2329
4174
29862
13953
46826
43903
10261
45035
26182
13211
5837
5220
4244
48362
40806
12471
46012
6375
22571
19093
16937
41087
4188
7614
25409
38620
37149
24936
43885
41435
23653
27456
25915
16024
46212
27039
21923
2410
44754
32004
18044
517
28601
39775
29143
45576
2123
14882
41449
16839
26121
12923
2748
3443
42
48775
12167
20300
13545
38341
17198
43494
42191
10641
14884
33870
23802
48261
2136
30567
23276
14109
19899
23853
44472
46914
46033
24182
39496
37733
7154
1072
12050
42244
13045
19515
39275
11562
866
40696
17983
48404
555
46128
43682
40175
40343
36469
47425
16726
7451
44018
19777
9014
17096
38580
37911
8030
28325
29912
17164
28218
4294
23394
9453
15929
21262
34571
46667
49778
6424
20012
12477
47606
27452
8434
43230
35534
8668
29947
34104
34719
29479
45349
38552
27792
38789
28277
21376
3702
11854
8631
31074
8883
49896
16829
24235
46778
45345
16948
26393
40188
15194
46359
25775
26999
24783
12604
12952
20786
2775
39612
1241
9622
27076
15137
46735
39024
22050
14424
6631
39477
42539
12927
20993
8223
269
42911
43892
11283
39234
29983
31349
10014
49147
37157
47382
3027
28118
39354
22349
39003
21401
34987
5751
25529
45420
9805
36756
43110
31285
41137
47975
48584
11245
44588
19883
48710
26856
378
45958
23923
26662
10444
10086
48887
35078
33823
37934
30553
10451
10856
44431
15356
32889
19372
29151
7875
21864
43422
36291
26493
23913
30246
18523
22067
40115
34620
11290
16178
22271
8823
36209
32939
43785
48731
26469
16384
10253
5871
27677
4751
19665
46485
21691
36393
20568
32427
13421
37963
35449
41154
24767
6932
13946
48632
17991
23266
12514
12342
14422
3642
15765
1842
46939
14659
39107
35176
37771
5227
25660
11709
49338
24779
6064
11680
38220
49238
12848
43893
32189
27511
2788
6437
6942
48054
31803
33118
7158
45727
1249
5641
47434
2470
25256
24939
35181
2073
30043
29330
14676
2255
29325
8237
27255
47348
18221
21016
41072
25955
41110
3926
3128
29292
31417
8789
47272
18165
9674
36191
14229
32034
30791
39888
28005
11592
15619
49322
33592
32176
46576
44335
10104
28456
34417
7542
25316
35062
35687
26993
34783
14826
29106
47357
2665
4590
8898
12977
7129
5542
15282
501
40245
16887
33583
35023
45708
37657
20115
30860
49111
33958
44355
1092
16773
10785
10022
46205
24577
24437
16827
39636
21930
23819
20759
41793
8090
20364
6816
28804
26810
10980
28192
33992
34242
3499
21139
27894
45094
13242
47882
41328
30255
2157
12285
37900
6570
39437
26901
3895
25656
2519
33508
22205
3038
3749
8671
42821
24983
39410
33309
38447
49807
43639
25150
26594
19614
1436
49243
19369
46546
42185
38592
35228
41795
28673
35754
16513
11847
16500
39729
35567
41426
48956
41126
24127
9741
30629
47826
22859
39852
4044
500
41221
8858
3707
47346
28155
47642
979
20320
46704
28864
9789
19132
4872
5880
48525
24561
43250
22549
10261
40310
32773
47483
34489
31265
36836
6886
11132
4015
3918
7080
19172
1061
22694
21262
25797
33100
4137
49044
32331
7523
7280
35821
4150
34070
38052
22928
14683
2873
13121
14646
11509
37668
34760
22900
889
20713
23016
24682
23419
33237
34199
28073
32089
45469
41229
41774
21955
33490
16355
11654
37943
42589
24597
834
1336
35555
1195
5773
47039
27685
43428
14611
44477
12324
9069
39173
27095
29507
43186
30003
44896
33037
4812
14738
2071
45617
15475
2375
8789
42397
14468
24152
36075
8412
48640
42408
45715
12983
47462
33971
16653
32110
9158
38804
37180
41048
8545
49047
34239
4928
7865
40534
15338
1421
3912
24943
43280
32494
29286
5396
7612
26490
29120
44918
31497
25169
1700
38326
44127
49105
17363
1177
47735
37575
11461
14680
26202
8589
18041
128
46034
24928
44067
8869
46517
683
27984
42921
46869
3225
40787
37541
28719
30228
19433
30523
6811
1785
48953
16373
47785
48901
24918
12466
1714
40843
11720
24728
27266
10079
16918
41972
1863
709
48017
42048
34233
19242
43333
44457
7207
48991
49274
13867
28666
29802
1950
6356
31115
34147
37932
40809
45847
8699
35300
24722
12024
6136
31711
45027
30661
1035
38664
31387
48632
35330
24558
11257
16823
11786
4701
10196
36891
9105
2448
25636
48484
2495
47731
6489
22693
8038
28718
29217
39310
17650
8872
24195
24387
42696
16147
42723
12464
30616
35685
14177
15131
25076
43594
13955
15877
197
14520
17354
12494
32554
28497
44746
4702
8783
33298
2472
5638
6242
30231
37451
32956
22860
19670
9903
4827
23641
20908
48930
9989
25673
11424
28510
18344
49846
42833
12368
46845
46405
39291
19959
26085
45514
35114
19233
17687
2657
17129
24766
23702
26760
20866
2585
8653
14080
43486
40801
12751
7254
4066
17167
20451
12276
44866
48550
45868
3096
3945
38221
2242
23239
32570
46876
27089
19930
42942
31738
47024
11067
43405
2911
38498
8405
44399
19954
39078
21030
37417
49419
15181
26176
9597
2983
43669
815
31350
15683
46901
7618
9035
36617
27132
6171
45908
18158
16728
1249
46569
32063
13187
16021
10708
15331
44506
40882
7248
21804
46612
37702
21985
8643
6457
15225
29472
9947
10752
41586
49777
421
25916
7060
30130
16567
18232
47076
2792
6806
26387
37245
9967
16686
33650
7976
25372
14268
21625
49285
38211
10224
5853
6106
18548
31969
8476
34727
32858
436
37643
1357
49320
5096
15117
20901
22383
17267
21691
42295
43527
11431
25181
12787
8642
48345
21914
2492
38974
13557
35367
29052
35758
4488
47685
19558
2069
33315
46603
1663
33277
1539
856
49795
9341
17444
12370
740
281
10820
264
42298
26735
24338
7219
42086
10462
13017
46742
28191
31095
8941
43763
19138
17182
6490
34610
25846
2776
17086
16745
16327
9080
20413
34848
7309
4993
11362
8529
34055
27165
34511
40597
25849
45386
21112
22897
33902
9585
20138
25534
14161
26209
36801
25315
45867
26523
3980
19582
10536
26382
44806
3655
30817
39492
23928
31396
5924
30049
1756
3639
29084
38783
2125
49087
18975
32455
18010
35676
20624
35250
10429
43892
9271
15446
2647
24272
44378
3959
34484
3727
35521
43396
18219
47819
46032
9959
21359
4215
21177
14802
3984
31709
3556
22734
2215
17650
42254
10895
5080
29281
10308
38101
13365
6147
27544
9280
8625
32947
14565
6538
14651
27586
35354
17209
15519
10402
39871
29869
1794
28967
18070
18191
19761
8389
8760
14935
35014
38673
42282
17248
26871
998
19593
33337
42037
12055
18020
12098
29567
5160
37597
998
13260
24009
15606
20434
31283
32517
4777
19573
151
34721
46796
15005
11676
40404
33062
6197
42699
2670
24863
38776
1665
28788
39168
42624
18479
44256
38286
34090
42282
16307
43949
45140
29056
1385
11188
24053
5727
23392
13281
29989
42339
11200
9972
40311
33973
28103
1355
25426
29304
32329
32993
11416
28711
40497
26922
12016
2364
19130
38705
34611
33165
24775
42010
43458
39865
25734
14736
24816
31042
13077
41858
37893
48837
17481
29608
16165
5135
45744
33747
36123
22973
5654
12758
24867
21188
20685
33642
2039
3381
34574
30094
3885
18657
23579
10983
1948
42719
49120
30934
1834
10890
12794
6812
20605
9974
9681
42005
45131
10126
45715
40615
6303
48068
25095
7020
37494
29341
16348
2
4808
7577
7805
39724
18759
48235
29535
41578
44363
41865
27340
27505
11424
16147
14270
25471
9549
27059
23297
42388
6305
17855
3287
16266
18326
33220
39582
47619
29167
20174
16460
45688
48266
17181
47279
9341
46407
42637
6265
14410
33047
47987
33916
32344
7957
4422
46711
8593
13625
18830
18126
1046
1122
21897
32083
18957
48946
29234
29552
22188
37321
510
20813
3224
25283
17186
27433
35727
40102
28419
27927
38958
32015
28514
2773
3915
46564
39023
41934
38702
10840
22498
24653
35633
42088
15606
33718
27168
12669
12934
10866
35238
20340
26397
15670
37524
6680
36220
24134
43692
35104
7750
23591
47250
44813
39332
15033
21192
7621
1497
41159
9432
156
11154
19003
1769
38104
21318
7513
31191
31726
13660
4918
4489
44567
26090
22723
43152
48296
17180
7168
23981
33433
47949
15533
15114
1040
20385
43268
20270
4113
17413
33363
33776
18402
2570
33367
13192
15275
7142
48606
44583
45953
12908
2055
45072
42254
12580
3858
17719
22394
15138
42431
23820
22775
36045
5171
7328
3810
6690
44092
33504
17176
41721
48080
44180
33392
6731
1401
16411
21539
20618
31732
21141
39696
13428
43366
1757
38907
29896
3017
2354
36698
18825
38352
12989
26843
9475
18925
7774
36510
3233
41198
42334
33704
21162
49964
931
29724
22196
9285
49133
10397
23781
7799
21534
11821
14460
12790
45664
8991
25149
24697
8949
13981
29184
11619
41925
33487
32625
35720
9658
3903
47667
36541
12431
13144
39639
4811
45559
19757
27567
21156
45766
24427
38705
2124
32270
15939
9618
31603
6206
21238
8566
37913
14468
26279
34896
7748
15755
27658
38899
7402
37544
42093
37921
2363
36125
36158
256
23938
29575
48304
41996
17622
20298
28115
13622
5275
7708
20343
4730
15405
23899
34689
44635
38008
34607
19452
44984
547
46548
2119
38829
7614
16673
39461
27382
34365
13571
42069
7301
49207
31807
38485
34010
8624
26057
1083
36732
13386
47398
11561
44511
11103
15019
44960
22681
33945
48547
15777
44978
26222
15111
19814
26706
174
2862
13662
44598
26126
44367
18374
11511
14232
17063
37678
29148
38175
33260
3007
20606
43043
19882
34622
49606
32582
7121
1439
7521
19014
29647
3685
36765
3785
1402
43375
43666
15709
4316
32579
24166
44055
18545
22637
35074
12206
23806
25866
32938
45291
39824
12752
31068
32873
5825
9936
42253
49781
12991
7696
16351
11647
3825
38529
22204
15685
20277
30093
9500
35005
9808
21154
35518
7608
33986
16062
30110
36728
43144
49665
29286
45552
3170
26403
2653
6895
6788
13479
38718
49852
39289
19438
6541
45638
43687
47498
215
49174
33267
31234
30094
23197
2370
25963
26111
29626
3622
2833
10506
49448
33243
18737
586
45466
45691
38081
12365
23564
46745
7005
37762
1724
49601
19269
45028
3878
10545
45567
48044
10670
48681
38800
7622
24892
16563
25275
9310
18333
39063
1334
36398
36693
12249
38498
40259
5083
14225
17888
7012
20598
6240
25160
21663
39550
25994
48589
39638
28072
5569
15180
8597
4050
47738
7858
26353
49521
6843
13861
46466
43676
10197
17949
29442
14146
2629
8415
10419
5787
36570
41829
48433
18884
42885
19018
34089
9165
11568
3520
34997
35805
1841
10779
22549
48968
19229
15694
4010
24018
16917
16268
43904
7909
15232
15531
43912
25869
17832
45979
34538
33355
32012
28443
21898
11558
40304
9718
36502
419
37719
14545
166
2973
22749
6864
39922
19485
46811
19943
5952
16540
30397
24854
23887
30510
33105
1453
28186
25404
3560
30489
12869
29994
15711
25238
19803
22785
7206
12331
38231
19120
10015
9386
47885
343
14061
47500
12645
13117
14422
17358
7897
33918
18231
304
4105
21374
22527
33721
26073
24613
47958
11898
32457
10623
33675
17825
38551
31506
21916
2826
12482
21463
47950
34006
22129
9322
2762
39353
36767
3010
1533
47327
35289
49737
24841
42679
30932
14104
4405
23293
37712
7587
16628
39464
49908
28959
18214
21850
49707
21271
13237
35054
38189
11457
9930
19624
256
4624
32553
36574
2271
37530
43323
26848
40577
2942
27640
21757
47811
27990
39889
34229
27724
5902
39544
42691
1738
7843
561
31629
49158
32257
30357
38051
8632
21047
26339
11076
27293
39538
36120
32007
29731
19772
29690
43046
30552
40887
18255
32117
34413
27311
32203
26863
25930
48537
13198
48043
24684
35351
17383
37779
12532
25567
38489
46341
22281
42628
37033
4981
18017
15132
44676
43451
7170
489
16980
17557
39005
39319
3920
9701
43697
34879
41107
36018
5120
30560
37652
8565
421
32576
14880
18562
32827
19909
31170
7372
46798
8056
7116
35453
3936
5225
43861
7253
33963
31740
41353
8237
18632
6170
27382
33726
43787
26941
33924
21012
11998
22446
18813
35270
2795
46764
39333
23617
47308
40556
48087
28341
22696
13651
43929
13220
45909
28094
36100
42535
35135
10567
18284
35951
25059
13310
33586
16673
20521
5715
19420
48534
44366
21574
46022
25447
36489
12942
42259
23998
49800
47090
11741
46954
29522
37493
22149
12285
47042
1580
14155
9973
29522
32368
20272
42288
10519
18521
8056
6225
8211
33071
15034
6905
18689
34772
17862
49118
21814
47285
35837
8815
29458
4239
4674
5388
18314
30328
483
39796
35426
10897
33711
44395
34298
28922
17301
48947
19248
37791
2463
48680
18308
1465
23567
39392
27504
12619
19873
38816
44311
19598
8706
10966
37529
7064
17707
40764
23581
14738
35861
23662
23761
6655
6756
38332
4196
28901
32715
24655
42527
25862
27687
17524
18641
43606
49620
9933
6401
8408
23896
27929
49480
17117
2647
19888
17792
36470
29152
45848
14956
1538
29657
6774
11199
12379
24804
30207
19871
36029
27830
36747
36062
46490
28681
256
21175
45380
19089
36901
4653
45258
6329
45552
43746
209
2846
29789
18192
9470
28436
43046
14571
8046
14985
45167
302
12256
12507
39249
10966
37140
48766
34704
19380
37151
2400
20605
34167
24105
35211
16677
12217
21701
47590
36504
9721
17446
42232
4695
19347
8736
6887
8425
41303
39353
48411
20205
35004
4760
17507
48661
12334
23666
42421
26914
48187
37875
17749
34971
1598
438
40874
1466
43593
41394
23919
37859
10706
17923
36401
16184
34661
11138
23747
35641
33546
19299
20380
20679
44088
6710
41286
22722
3930
47244
41061
43622
15540
40102
39207
1464
37826
15434
30258
16917
37630
21725
3765
4042
33921
6974
22002
7541
19889
1964
8543
43488
36051
423
3023
5952
5661
20016
39253
47715
44487
24944
42650
36699
41961
7093
15251
16786
19732
41229
44358
41407
48213
20149
9918
15026
15546
25735
9726
794
14927
34923
2478
26552
21699
3421
43293
39013
13958
25455
18216
11014
35659
35001
36394
41177
28394
20742
23657
18287
16646
13493
22246
3895
7296
5395
12843
23524
34277
40085
349
9960
15250
43817
36188
26080
33725
46197
43484
6964
23541
48720
33914
792
39534
19595
44233
27830
27881
6354
25211
47470
44793
24504
8578
47661
38394
10219
19531
10844
530
41670
12178
43992
21367
30820
6114
14171
46898
8813
37070
25228
22417
40715
8315
46071
26623
40923
4347
510
16285
41227
34903
45682
23332
30580
31680
12622
23250
2434
30771
49761
31148
49867
44957
12725
48732
9608
27636
10961
38536
14615
42337
12194
43155
9920
10778
22029
41022
44308
3596
21732
35950
40176
13304
14446
20876
47755
36863
19711
38141
20467
9935
45263
48531
33243
17960
8718
5065
34703
7047
19346
48676
27074
33720
770
42334
22193
29192
31806
2450
18218
28588
35202
24588
25902
43448
44166
3633
24597
33907
44047
27369
3802
7381
8881
13104
12780
45562
49510
35540
29272
12648
8697
94
26617
38756
37377
17973
19663
14569
16392
11643
41109
2885
41014
26702
15666
4506
18105
8026
29868
46592
40170
12383
48560
2769
18318
9985
49549
6193
11765
48175
22531
15712
16102
1061
26543
21922
17866
9098
19833
12409
48417
46
45392
25816
27373
47653
46019
29928
14500
27723
37532
32788
49659
22091
17553
49804
12860
38198
8787
22155
46020
36888
15403
13569
7214
20764
38144
14291
40653
16299
44389
37734
4011
9462
4403
3849
31595
26450
47856
13412
43568
25162
29807
23591
17220
18405
8474
21877
18681
1894
11609
46646
3535
45354
25994
5544
47216
41059
12110
47089
26587
31013
11224
19882
4773
11766
43914
27156
1237
21381
22297
8935
13461
4263
14561
42623
18953
19570
10563
47343
5725
23297
25919
47834
147
38138
16516
11631
24992
47882
42943
23651
40042
2805
6155
40969
17596
3221
16048
8944
47287
37788
16903
28590
17288
31054
23552
8178
39496
32535
29024
2097
27686
48080
38570
46926
9218
9419
23419
6812
1229
15001
18858
49484
42733
31357
17861
31326
22430
37824
47719
43390
8107
4855
49528
31312
11891
18686
38817
25126
41141
49096
44693
24777
17979
25658
13503
114
4393
25593
22185
48103
2307
17815
4868
36941
42363
20893
22719
18190
13478
25673
35496
48711
8621
1958
46308
12592
38904
36940
29698
6468
5229
35092
44672
16892
20985
14897
31151
11096
45244
25671
18717
1276
8323
29914
41580
980
17588
28475
42447
37769
41723
17161
34176
3270
39853
26
29455
38283
30161
23352
47814
34647
18715
22759
11613
47536
19701
18961
20225
14080
12736
15147
15806
46477
47522
28465
585
10350
27214
4541
35665
20768
21716
11777
35382
26392
24129
46051
17024
16608
11764
41204
46489
19518
26620
6759
4162
14258
15666
41369
40943
13966
47170
11267
25378
19725
4039
3568
35323
12866
6317
34734
1650
48691
48877
13362
33488
2241
27206
6238
38468
30237
3126
23147
17703
38655
9450
29551
29063
44710
41480
14782
10663
20399
26350
22176
36631
14124
2249
32837
15171
32086
32789
30358
21199
9201
27851
29141
11350
1590
9276
11871
5774
46982
21069
35092
47110
11533
29691
17236
1215
37447
19218
14810
7552
32616
26027
3043
22536
49934
41648
2553
4996
9313
24414
23324
43710
42443
48594
29027
19762
40249
16506
17026
47178
13961
2290
8725
39788
2851
78
31346
15584
27513
11011
45533
16651
21364
20566
284
39441
27782
4127
45042
18330
36167
29759
16125
17762
47045
42700
15704
37339
38599
24234
43028
15657
16566
34085
20893
43833
25707
11354
38119
16678
27366
49541
7868
24194
27587
9503
42967
38448
30497
42572
35421
49018
35693
9204
43706
47698
36681
44873
14579
10308
47574
28117
17729
28022
28323
23645
8612
11703
4745
17985
105
20276
16004
17118
5631
40503
9211
47096
47895
6069
31509
24876
10968
29677
38253
46987
26562
46926
32892
20820
37294
22724
9764
26321
17517
1171
44733
5403
30955
6202
25328
16365
44848
42310
216
44020
14238
5152
11097
31798
46283
10266
39081
42256
4067
35631
4931
12986
42120
4417
8485
3496
16138
40207
9337
46475
48784
1937
25012
33758
2752
33611
45889
11785
6935
40621
648
33063
44529
39889
49069
41300
13508
5576
46076
33594
16975
48662
6335
2311
21362
1118
34193
46792
18402
13895
20906
27469
31102
15308
31625
17046
38965
8673
10127
34295
42883
6437
13178
16225
32006
41259
47933
38108
40662
30818
22971
33684
3763
30041
22316
24637
26527
49164
38701
22743
41233
4716
14220
15197
7057
18855
17110
3898
47497
6289
31945
26321
36411
35752
8929
10876
44599
754
46766
47295
35774
2078
16414
4496
40871
39555
36472
44757
44456
27807
32541
10592
9839
17889
14181
23766
13392
8495
11879
47027
9263
32310
472
22776
6352
14229
28761
31487
12658
4063
47581
40969
37029
1475
24021
26550
11251
13831
8976
26058
44016
9136
8149
35777
49775
40729
32684
17033
25619
41087
16737
16221
39672
43824
4605
49733
18737
4374
422
27538
27458
35483
38686
32133
38657
25019
24711
13712
20714
24662
10182
48625
28953
7126
47392
3979
32813
7684
3607
49224
24534
4969
12370
25955
48020
8725
13828
1782
11136
3664
23581
47104
18337
44403
17800
31652
25630
9238
28887
17887
31068
19009
19771
27073
5852
49476
48870
11671
33065
35687
28997
5673
38387
33914
43730
8006
34657
8396
22173
45364
27556
14531
20101
9635
15348
6342
43073
41214
34820
10498
7556
30540
25469
49618
36667
39201
26303
46164
8456
18752
9888
35724
31625
12224
11181
32028
35225
9299
15865
48862
15444
46570
19808
2307
36211
48017
43742
3475
33859
3002
27158
22695
27491
24126
40540
13916
275
35177
31378
1000
23838
24279
14865
22334
32532
22396
23203
9071
3179
17735
3539
9679
37785
12128
28619
21422
36508
16235
30566
23125
42990
38552
30872
14642
5736
13730
4129
39908
20314
26740
34128
43292
5504
20256
45755
29111
47728
39178
3695
26715
9692
27085
15749
30052
4914
25059
48222
2959
9466
30109
39885
44915
32014
24130
35114
2623
23349
38423
43015
47372
24369
23937
29970
29130
47900
46363
40516
14736
26911
14586
26560
28640
7404
42627
25114
23123
13492
32913
20692
7273
28567
6633
20139
26699
24321
45693
14265
35236
8488
9633
19667
12443
33225
22080
22705
48946
44261
15321
44894
19630
8115
27472
4600
41148
44829
22668
45471
17884
368
47673
13751
44354
31345
45981
36496
38757
21841
46761
30234
41028
5337
46228
35743
1089
8121
19235
14630
41918
24393
42382
47701
32326
47391
15678
46591
44826
19998
1216
42534
35651
38365
48246
31526
29460
7249
36535
35558
43563
18827
9086
4835
24590
29384
25605
17847
12392
32201
4127
9076
36856
23334
9280
5650
39447
11217
16243
9697
26322
1080
6127
42457
30363
21323
41421
35373
6499
17218
24961
12071
422
10014
43221
26552
2060
47916
45906
46619
14115
10678
4377
47239
42499
29382
8902
12467
13028
20522
26964
14706
1168
28305
38196
41997
47442
29292
35006
8264
33270
25284
6106
23958
39072
32054
38494
28397
11675
7488
7439
14891
11462
38186
48767
43639
31331
16179
10607
27782
20831
30864
35604
6618
7130
16876
9534
29372
49693
3188
36441
48416
34465
4471
11967
2984
8170
25938
29278
28929
4147
19600
1009
35565
4942
34850
16430
26069
39787
17973
37080
3484
47406
31220
10852
48259
48391
33759
16290
13109
47939
5990
19983
46911
36723
29132
42852
939
2316
23087
37666
48592
8084
43346
19670
35976
11220
13351
9652
44370
41785
31534
4427
36853
34946
44907
14132
45430
46464
29693
30252
45604
6120
20004
6577
44540
34241
1192
11430
27238
14992
35431
35642
19012
44410
19881
3990
24363
29461
17903
21026
33715
24845
38857
23797
27568
11483
19334
6167
45494
2537
40858
1395
20667
17113
17877
1688
46042
47045
25599
49162
42254
45627
19156
16656
30384
43470
16637
23518
33214
28078
7027
10410
29693
26728
2303
20462
14675
42083
31681
11590
40897
13349
9565
46301
26377
43419
35654
19221
43377
39617
511
5442
46268
46364
32848
44099
22859
44106
27593
8782
31546
39762
48628
9216
8114
21482
24126
33621
37646
10989
16414
37905
38722
17709
24610
14554
31517
31781
16408
24014
22972
15180
13087
38895
2936
46369
32093
48582
38396
1821
32262
13083
40642
30118
46093
38729
29812
31988
15669
10243
794
29944
35321
42909
32984
7129
37041
43164
27329
19244
16504
29600
22423
27735
6393
48191
42393
45638
5274
22310
7013
42725
21343
34415
18727
11788
28862
18555
47379
29117
110
20048
41570
881
25774
19245
38752
43697
12606
13399
43247
6774
1637
4954
30759
38965
22131
18425
22272
29949
12836
15456
37115
32970
27898
20390
8696
15171
11227
45477
9486
33995
12087
34744
45833
14381
45736
21024
49216
38899
39391
2040
33938
33906
42704
30108
28569
33282
37877
608
10931
41496
24138
23246
32813
43949
14579
17283
12188
31238
49631
19864
47321
33476
37289
44370
26586
16297
39577
47992
24778
2437
15762
18029
47739
37948
34449
152
11080
4345
33347
46121
26435
7892
7781
25037
22727
36192
3592
14884
36315
7744
43767
31877
22452
28516
48901
31504
40091
570
3829
40946
8286
19009
39272
30358
5789
17423
34142
48293
14901
40129
21364
17886
40334
33235
19508
3492
22170
29442
19106
38670
2919
14325
29778
15424
19578
36160
24440
46401
21853
2171
48176
21896
19104
35516
20497
45141
2962
3458
43233
27919
24533
1844
40855
20296
20169
20958
43595
19963
13222
44610
19202
48380
4904
47199
21470
35326
44306
10634
19026
29367
33377
17260
18157
42294
12708
45386
40426
36733
49293
41812
48439
9500
18727
29030
4960
31452
34611
38527
2015
12575
45384
18110
16862
23318
44292
10167
49018
22020
19030
5242
25447
37264
22402
17079
7712
41994
46730
43949
9372
34419
30019
49862
19606
33298
43409
1284
47346
1987
26109
34127
23473
11105
16930
45483
40501
41253
14144
27784
29689
3276
10424
36375
21474
18280
6702
8247
16452
26878
22129
37329
36450
34373
39078
4421
43600
7740
38271
49566
14061
15771
26973
15410
6835
30967
20417
10196
30342
30247
9009
25257
9452
26049
42244
14927
43347
16402
8561
13372
9555
27424
43590
22379
10169
49162
21654
26898
41583
6166
9104
37950
385
9805
22766
19609
5029
20193
39118
41725
13723
10887
5849
17109
39811
15750
35541
3202
19932
14557
22424
22509
36193
28126
6084
33943
26795
16539
13586
47125
45711
39048
17611
40736
25800
615
18737
32932
49119
9924
43806
46026
14061
8228
43680
39156
25527
12856
21381
9458
23435
1070
26817
34109
44194
49072
49624
35547
12825
19170
2591
33695
35811
32004
4174
20816
37990
39015
37553
24717
3470
20082
34040
1481
7950
27565
36486
12672
43746
45922
24576
7929
23391
40773
9240
23201
16023
1565
24201
34831
21834
49851
29970
23171
12096
42056
36667
9805
11335
21378
6282
43658
11077
49376
41
3821
28686
6299
22061
1847
28647
22348
35936
32673
41215
251
5534
9687
27592
48089
16518
15803
25422
48272
4534
26434
27836
23302
10260
25610
44641
19678
48066
25598
6189
3469
45026
43552
6165
3026
44121
3441
36063
49138
19310
10717
11221
17116
28821
674
9215
27748
45470
11830
42361
46048
19800
9464
45302
30828
12642
19389
33180
27635
36450
47405
4301
34076
32374
15337
28794
9539
6538
29737
10840
48027
16754
22214
25205
40436
45915
28691
28363
25430
7677
29464
1215
23717
33415
38475
24030
10223
40247
49330
13345
39441
44810
38196
42427
30054
29427
3476
44954
3245
27842
3480
44775
33589
49106
26501
499
18391
47511
44769
31984
36238
48128
19397
37961
8995
40245
13302
19566
29554
106
20014
34813
37167
7411
3650
20154
38587
35705
19567
47107
16089
17861
36519
42666
32503
24266
11976
8188
40059
18032
37204
13823
37471
6473
4639
40912
7200
10895
31114
28360
22516
19078
16620
25551
41578
32986
48075
34576
25571
5610
35442
28441
30095
28011
3432
46976
9434
20692
38467
27990
5269
9867
38156
30676
21840
16040
43045
46609
46337
3695
14984
21901
25078
5735
10094
7700
11014
23548
2167
5399
33120
37487
25694
39156
33022
3535
22264
16380
43632
39200
6622
33514
34759
27874
39972
1087
19060
48707
47072
23421
10747
25107
10000
1424
9473
49410
14579
15914
40876
14909
12301
4535
22041
38004
8677
31291
47428
15782
47240
33135
25976
19384
39990
37168
44593
26847
48308
29559
38270
1889
36841
6133
29817
31623
44228
28052
41493
48503
1987
589
23993
9630
15333
2472
48638
16698
3493
13801
19860
647
14384
37742
19520
44530
47330
26053
11915
17077
39603
22806
2020
7963
45075
21422
44654
12056
23204
20314
25541
25943
12443
5914
31775
34895
15345
8517
23299
20800
29061
22755
22831
43049
20330
42420
7484
1561
41210
43703
24127
15856
30939
31514
21297
46441
41531
44123
17025
8129
29684
495
29367
14319
15481
10454
46664
42804
8670
35223
39593
8669
45772
8204
21148
40960
23228
15481
1566
42271
49614
49002
39624
36886
47839
21361
15309
11569
22081
28401
39658
22869
23934
24349
36983
40967
12893
5320
11159
12189
7677
36502
2159
32684
19011
6364
13814
38876
6640
37099
23869
46392
47668
38974
22354
19234
11890
25937
42515
39054
41731
9089
28207
3490
12060
4278
23841
2916
16742
11483
29145
16253
29841
32694
25110
37345
39082
8256
40275
44044
43138
10007
16170
12542
8962
24326
24125
23974
8260
41710
49817
48846
11257
27943
1780
35485
31896
14840
20797
15189
35027
42096
29595
8739
18569
36946
29227
7241
25798
30680
2661
22735
43292
21367
19604
41411
3585
12465
43937
37399
20866
9117
48979
9831
31373
20469
24929
17600
13320
38535
26951
19184
9109
32720
19773
48302
2703
11143
49046
16411
9664
13438
18344
45259
41554
36171
44474
50
22158
46475
45674
28105
3840
45278
18628
40781
21361
7457
41405
11818
2920
10926
37860
6986
22584
17584
4018
42432
11184
19935
9974
41393
41330
22087
19320
14234
20731
12033
44499
44349
10392
18575
35813
30842
13217
42650
30279
3425
40583
30089
6579
30633
6717
12428
25827
9968
44932
26950
18617
12572
29598
31331
40869
11854
13844
43949
44688
22397
26566
28482
20565
30060
32828
36326
5878
27852
42959
36301
25525
41360
41669
23762
4215
22736
33412
32839
38759
39526
20004
23101
2475
14973
5484
48388
47053
12102
23770
22644
6556
6467
41094
7867
19327
31999
3514
38911
42345
16561
49972
43511
18274
28101
47419
45074
49124
22571
25894
29339
35121
15500
32875
35041
46652
40176
28505
37454
42205
6392
40895
35878
16049
7158
49315
761
37917
34781
39456
7588
47063
44964
20668
15616
27936
40756
44529
43926
27369
21723
13484
33830
239
46726
14154
41414
40315
27803
3007
7719
43863
15108
818
22371
9342
45429
11442
33173
29894
28551
34204
15602
42131
9961
23328
12164
40867
16246
28667
22802
5329
974
41821
10134
5098
46085
26850
8539
45560
30185
45429
10720
48030
28537
23123
21220
40191
4896
8252
4459
31101
32626
1031
11659
45905
46784
41393
20312
9150
6555
13170
3943
10342
46972
24508
27549
27312
4071
294
17056
34625
30696
10294
3938
3569
27924
4631
27408
12899
7075
35637
17237
2766
34761
39417
43884
2648
31388
23378
19941
38244
43116
8273
30513
19598
10403
18181
14051
27366
17052
49817
23500
36801
41725
25060
41776
26312
517
19031
33152
11574
42793
35035
48414
25318
14707
17955
30123
9909
27115
3094
34413
48166
238
24571
42665
11003
41334
19342
42862
13634
20872
10496
4080
10520
7370
9954
23205
19365
28888
41600
5600
2806
19829
674
18209
19038
46187
7147
18727
30354
37929
6702
6851
46943
17655
14026
3576
8496
3294
45217
11456
29673
41924
42832
13186
21931
37934
36460
47599
12907
27448
36704
16353
18672
46508
18488
17273
25016
40589
8412
36103
37528
42130
30075
48233
44596
25321
10775
10998
49948
44311
42784
17734
13298
34380
39716
13491
42281
40578
44189
43241
7001
45
13977
44548
22730
48549
2053
2038
46961
48855
3207
17315
29049
16641
23196
41850
12393
17742
20105
15185
35702
29680
8421
35038
18329
27475
11728
38802
14558
47763
36814
4019
27496
18147
10078
1973
9549
4851
597
4541
29921
31693
15352
10669
34351
27954
34250
29156
12429
40128
14642
22321
23090
39110
21903
34339
14509
29157
20507
27495
49548
48235
22569
29582
41338
9505
23146
4111
27631
36732
40213
43465
12622
47589
32860
35561
19663
46661
21362
11568
6487
44304
17065
1129
38814
44768
12270
15860
33105
6803
26670
38688
763
23231
7227
49299
31780
1410
29219
7856
15673
39519
30770
698
33751
36741
16371
27082
47119
29661
24040
14491
21422
12829
8073
31380
12883
37739
40192
46455
48084
4080
22994
19824
45358
24594
22045
7081
45777
47829
31150
44139
18607
577
12410
48055
32051
18588
27703
4103
11918
41928
38438
6665
216
40074
30466
42792
8015
44955
32425
21259
9361
44479
32148
9161
7757
1734
46771
12974
2320
33526
6493
14016
4190
89
8142
29962
30151
5463
37600
24108
49610
2357
19346
25354
37166
44319
4668
15017
23807
41354
33786
14070
47822
28408
25889
14098
25431
3479
25033
49263
38919
33276
24073
37083
15782
4693
22439
39885
15410
37248
43993
8318
1229
23387
39187
3654
21146
33595
44571
48821
29369
5705
26170
24399
43034
6334
46014
43596
1005
12789
31184
23120
25436
14050
43549
35749
8646
17249
22518
21907
24702
40745
13070
30158
46358
47088
20551
19624
33190
19552
27433
11158
20708
15256
9733
14265
19111
39098
6362
30236
26315
19156
35928
30145
20283
22100
43249
5833
6461
46065
35820
43681
29410
7845
6437
3805
16447
12229
2327
1769
39354
21276
4480
48229
23594
34067
30895
41659
29877
7688
43382
3177
39584
450
40410
48494
36542
20420
37384
35812
950
47278
30186
27511
21164
48427
25714
29696
32439
38010
26178
15925
3910
34123
21959
45840
973
29542
35307
2939
15788
39965
41358
23133
27967
29675
9078
30071
44075
6893
28958
26213
48318
19661
16625
12408
47786
4654
6011
40109
